FrameID,SymbolID,UnixTime,Xrange,Yrange,Amplitude,Velocity[m/s]
1,1,1711946438.153,0.8203125,2.5078125,1.025000E+02,0.000000E+00
1,2,1711946438.153,-0.7109375,1.921875,1.124000E+02,0.000000E+00
1,3,1711946438.153,-0.1015625,1.453125,1.151000E+02,0.000000E+00
1,4,1711946438.153,9.09375,12.296875,6.220000E+01,7.484375E+00
1,5,1711946438.153,-3.8203125,2.921875,6.170000E+01,-6.828125E+00
1,6,1711946438.153,-0.296875,2.4296875,5.550000E+01,-1.945312E+00
1,7,1711946438.153,1.265625,2.3203125,1.024000E+02,0.000000E+00
1,8,1711946438.153,0.328125,1.4140625,1.065000E+02,0.000000E+00
1,9,1711946438.153,1.78125,1.6796875,5.380000E+01,-1.945312E+00
1,10,1711946438.153,-0.1796875,3.421875,5.680000E+01,3.898438E+00
1,11,1711946438.153,-0.265625,3.0234375,5.630000E+01,4.554688E+00
1,12,1711946438.153,0.015625,4.8125,6.240000E+01,-7.156250E+00
1,13,1711946438.153,-0.3046875,3.4140625,5.480000E+01,9.437500E+00
1,14,1711946438.153,-0.546875,18.84375,5.970000E+01,4.554688E+00
1,15,1711946438.153,0.625,22.796875,5.640000E+01,7.156250E+00
1,16,1711946438.153,-0.78125,12.8984375,5.950000E+01,-7.804688E+00
1,17,1711946438.153,0.1796875,7.9765625,6.150000E+01,-2.273438E+00
1,18,1711946438.153,-0.25,8.5703125,5.780000E+01,1.296875E+00
1,19,1711946438.153,0.4375,12.515625,5.830000E+01,-7.156250E+00
2,1,1711946438.198,1.2734375,2.3125,1.024000E+02,0.000000E+00
2,2,1711946438.198,-0.71875,1.9140625,1.123000E+02,0.000000E+00
2,3,1711946438.198,-0.1015625,1.453125,1.151000E+02,0.000000E+00
2,4,1711946438.198,1.546875,2.84375,5.760000E+01,2.601562E+00
2,5,1711946438.198,-0.34375,2.6171875,5.740000E+01,8.460938E+00
2,6,1711946438.198,0.0546875,2.8359375,5.570000E+01,-8.460938E+00
2,7,1711946438.198,-2.4609375,2.3828125,5.520000E+01,-3.578125E+00
2,8,1711946438.198,0.8125,2.515625,1.024000E+02,0.000000E+00
2,9,1711946438.198,0.328125,1.4140625,1.064000E+02,0.000000E+00
2,10,1711946438.198,-1.1953125,3.0078125,5.570000E+01,2.601562E+00
2,11,1711946438.198,1.9609375,1.765625,5.430000E+01,8.460938E+00
2,12,1711946438.198,-2.0625,1.9453125,5.030000E+01,-8.460938E+00
2,13,1711946438.198,-0.3046875,5.203125,6.160000E+01,4.554688E+00
2,14,1711946438.198,0.171875,4.0234375,5.660000E+01,6.179688E+00
2,15,1711946438.198,0.03125,3.234375,5.400000E+01,-4.875000E+00
2,16,1711946438.198,-0.59375,22.796875,6.100000E+01,1.625000E+00
2,17,1711946438.198,-0.375,19.640625,6.180000E+01,4.226562E+00
2,18,1711946438.198,-0.0546875,12.1328125,6.290000E+01,5.531250E+00
2,19,1711946438.198,-1.0625,21.0,6.060000E+01,8.781250E+00
2,20,1711946438.198,0.25,10.9453125,6.080000E+01,-9.757812E+00
2,21,1711946438.198,0.0234375,9.359375,6.000000E+01,-5.203125E+00
2,22,1711946438.198,0.609375,12.1171875,6.030000E+01,-4.226562E+00
2,23,1711946438.198,-0.3125,23.796875,6.080000E+01,0.000000E+00
3,1,1711946438.273,1.2890625,2.3046875,1.026000E+02,0.000000E+00
3,2,1711946438.273,-0.71875,1.9140625,1.122000E+02,0.000000E+00
3,3,1711946438.273,-0.1015625,1.453125,1.150000E+02,0.000000E+00
3,4,1711946438.273,2.6796875,2.140625,5.420000E+01,5.203125E+00
3,5,1711946438.273,-0.7109375,2.953125,5.800000E+01,5.203125E+00
3,6,1711946438.273,-0.8671875,2.703125,5.540000E+01,5.851562E+00
3,7,1711946438.273,-0.9765625,2.453125,5.520000E+01,-8.132812E+00
3,8,1711946438.273,-0.984375,2.65625,5.480000E+01,-7.484375E+00
3,9,1711946438.273,0.3984375,2.609375,5.620000E+01,-2.921875E+00
3,10,1711946438.273,0.8203125,2.5078125,1.024000E+02,0.000000E+00
3,11,1711946438.273,0.328125,1.4140625,1.064000E+02,0.000000E+00
3,12,1711946438.273,-2.84375,1.9140625,5.170000E+01,5.203125E+00
3,13,1711946438.273,1.8828125,1.8515625,5.350000E+01,-8.132812E+00
3,14,1711946438.273,1.2421875,2.546875,5.170000E+01,-7.484375E+00
3,15,1711946438.273,1.2109375,2.34375,5.400000E+01,-2.921875E+00
3,16,1711946438.273,0.0,3.0390625,5.150000E+01,-8.132812E+00
3,17,1711946438.273,0.421875,3.609375,5.870000E+01,-6.179688E+00
3,18,1711946438.273,0.390625,21.2265625,5.970000E+01,9.687500E-01
3,19,1711946438.273,0.1953125,12.328125,6.120000E+01,9.687500E-01
3,20,1711946438.273,-0.453125,15.484375,6.280000E+01,-7.156250E+00
3,21,1711946438.273,-0.109375,21.6171875,5.950000E+01,-4.875000E+00
3,22,1711946438.273,0.515625,11.3359375,6.190000E+01,-2.921875E+00
3,23,1711946438.273,0.6328125,18.25,5.980000E+01,-6.484375E-01
3,24,1711946438.273,-0.390625,21.421875,5.650000E+01,6.179688E+00
3,25,1711946438.273,0.0859375,9.5625,5.510000E+01,-8.781250E+00
4,1,1711946438.348,1.2734375,2.3125,1.025000E+02,0.000000E+00
4,2,1711946438.348,-0.71875,1.9140625,1.123000E+02,0.000000E+00
4,3,1711946438.348,-0.1015625,1.453125,1.150000E+02,0.000000E+00
4,4,1711946438.348,-1.609375,2.09375,5.510000E+01,1.296875E+00
4,5,1711946438.348,-0.5703125,2.78125,5.630000E+01,1.945312E+00
4,6,1711946438.348,-0.7109375,2.34375,5.490000E+01,2.921875E+00
4,7,1711946438.348,-0.7421875,2.53125,5.760000E+01,3.578125E+00
4,8,1711946438.348,1.1484375,3.4453125,5.690000E+01,3.898438E+00
4,9,1711946438.348,0.3828125,2.8125,5.490000E+01,3.898438E+00
4,10,1711946438.348,1.3359375,2.5,5.330000E+01,-9.757812E+00
4,11,1711946438.348,2.125,1.8828125,5.490000E+01,-3.898438E+00
4,12,1711946438.348,0.1171875,2.4453125,5.500000E+01,-3.578125E+00
4,13,1711946438.348,4.3125,3.8828125,6.240000E+01,-3.250000E+00
4,14,1711946438.348,-1.6171875,1.8359375,5.290000E+01,-2.921875E+00
4,15,1711946438.348,0.8203125,2.5078125,1.025000E+02,0.000000E+00
4,16,1711946438.348,0.328125,1.4140625,1.064000E+02,0.000000E+00
4,17,1711946438.348,2.09375,1.609375,5.000000E+01,1.296875E+00
4,18,1711946438.348,1.78125,2.203125,5.220000E+01,1.945312E+00
4,19,1711946438.348,0.3359375,2.421875,5.270000E+01,2.921875E+00
4,20,1711946438.348,1.1875,2.359375,5.130000E+01,3.578125E+00
4,21,1711946438.348,-0.6171875,2.765625,5.460000E+01,3.898438E+00
4,22,1711946438.348,0.6015625,2.7734375,5.240000E+01,-9.757812E+00
4,23,1711946438.348,-1.765625,2.21875,5.400000E+01,-3.898438E+00
4,24,1711946438.348,-2.265625,0.921875,5.180000E+01,-3.578125E+00
4,25,1711946438.348,-0.21875,2.4375,4.870000E+01,-2.921875E+00
4,26,1711946438.348,-0.125,3.0390625,5.640000E+01,4.554688E+00
4,27,1711946438.348,-0.609375,4.578125,6.010000E+01,-1.296875E+00
4,28,1711946438.348,-0.09375,13.90625,5.880000E+01,2.921875E+00
4,29,1711946438.348,0.1328125,8.1796875,6.140000E+01,3.250000E+00
4,30,1711946438.348,0.234375,18.0625,6.160000E+01,-4.875000E+00
4,31,1711946438.348,-0.0078125,6.9921875,6.220000E+01,-4.875000E+00
4,32,1711946438.348,0.5546875,21.015625,6.000000E+01,-3.578125E+00
4,33,1711946438.348,-0.15625,17.46875,6.070000E+01,-2.601562E+00
4,34,1711946438.348,0.0,8.375,6.380000E+01,-2.601562E+00
4,35,1711946438.348,-0.2578125,13.7109375,6.970000E+01,0.000000E+00
4,36,1711946438.348,-0.140625,11.9296875,5.930000E+01,-2.921875E+00
5,1,1711946438.423,1.2890625,2.3046875,1.027000E+02,0.000000E+00
5,2,1711946438.423,-0.71875,1.9140625,1.122000E+02,0.000000E+00
5,3,1711946438.423,-0.1015625,1.453125,1.150000E+02,0.000000E+00
5,4,1711946438.423,2.1640625,1.1328125,5.890000E+01,7.484375E+00
5,5,1711946438.423,1.3984375,2.46875,5.590000E+01,8.460938E+00
5,6,1711946438.423,1.515625,3.078125,5.720000E+01,-9.109375E+00
5,7,1711946438.423,1.203125,2.7890625,5.900000E+01,-9.109375E+00
5,8,1711946438.423,3.65625,1.671875,5.850000E+01,-7.804688E+00
5,9,1711946438.423,-2.0546875,2.9921875,5.530000E+01,-7.804688E+00
5,10,1711946438.423,-1.9296875,1.5,5.450000E+01,-3.578125E+00
5,11,1711946438.423,-0.8671875,2.9140625,5.760000E+01,-1.945312E+00
5,12,1711946438.423,0.8125,2.5078125,1.025000E+02,0.000000E+00
5,13,1711946438.423,0.328125,1.4140625,1.063000E+02,0.000000E+00
5,14,1711946438.423,-0.5703125,2.375,5.680000E+01,7.484375E+00
5,15,1711946438.423,0.5625,2.78125,5.490000E+01,8.460938E+00
5,16,1711946438.423,2.71875,2.09375,5.430000E+01,-9.109375E+00
5,17,1711946438.423,-0.6796875,2.3515625,5.370000E+01,-3.578125E+00
5,18,1711946438.423,0.5546875,2.984375,5.270000E+01,-1.945312E+00
5,19,1711946438.423,-0.4296875,5.1953125,6.190000E+01,3.898438E+00
5,20,1711946438.423,-0.34375,3.21875,5.750000E+01,6.828125E+00
5,21,1711946438.423,-0.03125,4.2265625,5.920000E+01,-5.203125E+00
5,22,1711946438.423,0.1640625,3.421875,5.460000E+01,1.008594E+01
5,23,1711946438.423,-0.09375,17.6640625,6.130000E+01,-6.484375E-01
5,24,1711946438.423,-0.0546875,24.78125,7.630000E+01,0.000000E+00
5,25,1711946438.423,0.296875,22.8046875,5.730000E+01,-6.828125E+00
6,1,1711946438.513,1.3046875,2.296875,1.027000E+02,0.000000E+00
6,2,1711946438.513,-0.71875,1.9140625,1.121000E+02,0.000000E+00
6,3,1711946438.513,-0.1015625,1.453125,1.150000E+02,0.000000E+00
6,4,1711946438.513,0.9609375,2.8828125,5.920000E+01,-8.460938E+00
6,5,1711946438.513,2.6328125,1.515625,5.610000E+01,-3.578125E+00
6,6,1711946438.513,-0.359375,2.6171875,5.800000E+01,-3.578125E+00
6,7,1711946438.513,0.8125,2.515625,1.024000E+02,0.000000E+00
6,8,1711946438.513,0.328125,1.4140625,1.063000E+02,0.000000E+00
6,9,1711946438.513,-1.515625,2.6328125,5.450000E+01,-8.460938E+00
6,10,1711946438.513,-0.9296875,2.890625,5.430000E+01,-3.578125E+00
6,11,1711946438.513,1.734375,1.9921875,5.440000E+01,-3.578125E+00
6,12,1711946438.513,0.5234375,4.390625,5.960000E+01,1.945312E+00
6,13,1711946438.513,-0.4375,4.0,5.770000E+01,5.203125E+00
6,14,1711946438.513,-0.09375,3.6328125,5.730000E+01,-6.507812E+00
6,15,1711946438.513,0.15625,19.84375,5.980000E+01,-4.875000E+00
6,16,1711946438.513,0.421875,12.9140625,5.910000E+01,-2.921875E+00
6,17,1711946438.513,-0.6328125,18.84375,5.720000E+01,-4.875000E+00
7,1,1711946438.573,1.2890625,2.3046875,1.026000E+02,0.000000E+00
7,2,1711946438.573,-0.7109375,1.921875,1.122000E+02,0.000000E+00
7,3,1711946438.573,-0.1015625,1.453125,1.150000E+02,0.000000E+00
7,4,1711946438.573,1.125,2.8203125,5.640000E+01,2.273438E+00
7,5,1711946438.573,0.46875,2.6015625,5.340000E+01,2.273438E+00
7,6,1711946438.573,-6.3828125,17.3203125,6.080000E+01,9.437500E+00
7,7,1711946438.573,-1.1015625,2.3984375,5.530000E+01,9.437500E+00
7,8,1711946438.573,-1.9765625,3.046875,5.510000E+01,-6.179688E+00
7,9,1711946438.573,1.7265625,2.5,5.620000E+01,-6.179688E+00
7,10,1711946438.573,-1.0703125,2.4140625,5.390000E+01,-6.179688E+00
7,11,1711946438.573,0.0703125,2.640625,5.520000E+01,-4.875000E+00
7,12,1711946438.573,0.171875,2.6328125,5.410000E+01,-4.226562E+00
7,13,1711946438.573,2.015625,1.9921875,5.450000E+01,-3.898438E+00
7,14,1711946438.573,0.8203125,2.5078125,1.024000E+02,0.000000E+00
7,15,1711946438.573,0.328125,1.4140625,1.064000E+02,0.000000E+00
7,16,1711946438.573,-1.6484375,2.0625,5.290000E+01,2.273438E+00
7,17,1711946438.573,2.40625,18.3046875,6.020000E+01,9.437500E+00
7,18,1711946438.573,-2.1328125,1.5546875,5.100000E+01,9.437500E+00
7,19,1711946438.573,1.140625,3.4453125,5.400000E+01,-6.179688E+00
7,20,1711946438.573,-2.375,1.8984375,5.050000E+01,-6.179688E+00
7,21,1711946438.573,-0.0859375,2.640625,5.200000E+01,-6.179688E+00
7,22,1711946438.573,1.453125,2.203125,5.400000E+01,-4.875000E+00
7,23,1711946438.573,-2.375,1.1484375,5.120000E+01,-4.226562E+00
7,24,1711946438.573,2.578125,2.2578125,5.450000E+01,-3.898438E+00
7,25,1711946438.573,-0.171875,2.828125,5.250000E+01,-3.898438E+00
7,26,1711946438.573,0.140625,3.828125,5.670000E+01,4.226562E+00
7,27,1711946438.573,0.0078125,4.0234375,5.610000E+01,-6.507812E+00
7,28,1711946438.573,0.078125,3.0390625,5.310000E+01,5.203125E+00
7,29,1711946438.573,0.34375,3.8125,5.560000E+01,-7.804688E+00
7,30,1711946438.573,-0.9296875,22.1953125,6.050000E+01,2.601562E+00
7,31,1711946438.573,0.5625,9.34375,6.180000E+01,3.898438E+00
7,32,1711946438.573,-0.328125,9.5546875,5.960000E+01,6.179688E+00
7,33,1711946438.573,-0.3828125,14.4921875,6.160000E+01,-9.757812E+00
7,34,1711946438.573,0.4609375,9.5546875,6.050000E+01,-9.109375E+00
7,35,1711946438.573,0.140625,22.8046875,6.130000E+01,-7.156250E+00
7,36,1711946438.573,0.0625,8.7734375,6.540000E+01,-6.179688E+00
7,37,1711946438.573,0.5625,12.5078125,6.070000E+01,-1.625000E+00
7,38,1711946438.573,0.6640625,22.796875,5.490000E+01,-5.531250E+00
8,1,1711946438.648,0.8203125,2.5078125,1.024000E+02,0.000000E+00
8,2,1711946438.648,-0.7109375,1.921875,1.125000E+02,0.000000E+00
8,3,1711946438.648,-0.1015625,1.453125,1.150000E+02,0.000000E+00
8,4,1711946438.648,-0.828125,2.296875,5.460000E+01,1.945312E+00
8,5,1711946438.648,2.4765625,0.90625,5.390000E+01,2.921875E+00
8,6,1711946438.648,1.8984375,1.546875,5.670000E+01,3.250000E+00
8,7,1711946438.648,-2.765625,1.671875,5.630000E+01,9.757812E+00
8,8,1711946438.648,-1.265625,2.3203125,5.710000E+01,-6.828125E+00
8,9,1711946438.648,1.234375,2.3359375,1.021000E+02,0.000000E+00
8,10,1711946438.648,0.328125,1.4140625,1.065000E+02,0.000000E+00
8,11,1711946438.648,1.609375,1.84375,5.290000E+01,1.945312E+00
8,12,1711946438.648,-1.2265625,2.3359375,5.370000E+01,2.921875E+00
8,13,1711946438.648,0.5078125,2.390625,5.500000E+01,3.250000E+00
8,14,1711946438.648,-1.0234375,2.21875,5.310000E+01,7.484375E+00
8,15,1711946438.648,1.6484375,2.78125,5.520000E+01,9.757812E+00
8,16,1711946438.648,1.3828125,2.25,5.220000E+01,-6.828125E+00
8,17,1711946438.648,-0.7578125,4.5546875,6.130000E+01,4.554688E+00
8,18,1711946438.648,0.1328125,4.8125,6.120000E+01,-9.757812E+00
8,19,1711946438.648,0.2265625,3.625,5.450000E+01,-9.437500E+00
8,20,1711946438.648,0.1484375,4.0234375,5.750000E+01,-8.460938E+00
8,21,1711946438.648,0.078125,8.1796875,6.160000E+01,7.156250E+00
8,22,1711946438.648,0.8671875,22.7890625,5.840000E+01,8.781250E+00
8,23,1711946438.648,-0.0625,24.78125,7.640000E+01,0.000000E+00
8,24,1711946438.648,-0.5390625,13.703125,5.770000E+01,-7.804688E+00
8,25,1711946438.648,0.3203125,22.8046875,5.530000E+01,-6.828125E+00
9,1,1711946438.723,0.8125,2.5078125,1.024000E+02,0.000000E+00
9,2,1711946438.723,-0.71875,1.9140625,1.124000E+02,0.000000E+00
9,3,1711946438.723,-0.1015625,1.453125,1.150000E+02,0.000000E+00
9,4,1711946438.723,-2.515625,2.3359375,5.770000E+01,4.875000E+00
9,5,1711946438.723,1.1328125,2.8203125,5.320000E+01,4.875000E+00
9,6,1711946438.723,-0.84375,2.5,5.570000E+01,-7.156250E+00
9,7,1711946438.723,1.2578125,2.3203125,1.022000E+02,0.000000E+00
9,8,1711946438.723,0.328125,1.4140625,1.065000E+02,0.000000E+00
9,9,1711946438.723,-0.890625,3.3125,5.410000E+01,4.875000E+00
9,10,1711946438.723,-1.609375,2.578125,5.290000E+01,4.875000E+00
9,11,1711946438.723,-2.234375,2.0625,5.310000E+01,-7.156250E+00
9,12,1711946438.723,2.0859375,1.6171875,5.120000E+01,-7.156250E+00
9,13,1711946438.723,-0.2265625,3.8203125,5.580000E+01,5.531250E+00
9,14,1711946438.723,-0.015625,3.6328125,5.590000E+01,6.507812E+00
9,15,1711946438.723,0.21875,5.3984375,6.180000E+01,-5.851562E+00
9,16,1711946438.723,0.0859375,3.234375,5.530000E+01,-6.507812E+00
9,17,1711946438.723,0.2421875,22.609375,6.140000E+01,5.203125E+00
9,18,1711946438.723,-0.1015625,16.6796875,6.220000E+01,-9.109375E+00
9,19,1711946438.723,-0.03125,12.921875,5.950000E+01,-6.828125E+00
9,20,1711946438.723,-0.09375,12.921875,6.040000E+01,-6.507812E+00
9,21,1711946438.723,-0.078125,14.109375,6.170000E+01,-6.179688E+00
9,22,1711946438.723,-0.6875,18.640625,5.620000E+01,9.757812E+00
9,23,1711946438.723,-0.078125,10.15625,5.980000E+01,-5.851562E+00
10,1,1711946438.798,1.28125,2.3046875,1.023000E+02,0.000000E+00
10,2,1711946438.798,-0.71875,1.9140625,1.123000E+02,0.000000E+00
10,3,1711946438.798,-0.1015625,1.453125,1.150000E+02,0.000000E+00
10,4,1711946438.798,0.890625,2.28125,5.410000E+01,1.945312E+00
10,5,1711946438.798,0.1953125,2.6328125,5.680000E+01,2.601562E+00
10,6,1711946438.798,-1.0625,2.625,5.670000E+01,-6.179688E+00
10,7,1711946438.798,0.1171875,2.640625,5.710000E+01,-5.851562E+00
10,8,1711946438.798,0.8125,2.515625,1.022000E+02,0.000000E+00
10,9,1711946438.798,0.328125,1.4140625,1.064000E+02,0.000000E+00
10,10,1711946438.798,1.5625,1.8828125,5.290000E+01,1.945312E+00
10,11,1711946438.798,1.859375,2.140625,5.660000E+01,-6.179688E+00
10,12,1711946438.798,1.8203125,1.9140625,5.380000E+01,-5.851562E+00
10,13,1711946438.798,-0.7265625,5.5625,6.250000E+01,1.625000E+00
10,14,1711946438.798,-0.296875,3.21875,5.700000E+01,2.273438E+00
10,15,1711946438.798,-0.1875,3.421875,5.660000E+01,5.203125E+00
10,16,1711946438.798,-0.0390625,3.234375,5.600000E+01,5.531250E+00
10,17,1711946438.798,0.3359375,3.21875,5.650000E+01,-1.041406E+01
10,18,1711946438.798,0.1796875,3.625,5.590000E+01,-6.507812E+00
10,19,1711946438.798,0.4765625,5.5859375,6.120000E+01,1.625000E+00
10,20,1711946438.798,-0.125,3.0390625,5.530000E+01,2.601562E+00
10,21,1711946438.798,0.0546875,6.3984375,6.130000E+01,-6.179688E+00
10,22,1711946438.798,-0.5234375,22.796875,5.720000E+01,-5.203125E+00
10,23,1711946438.798,0.1953125,12.7265625,6.160000E+01,-1.945312E+00
10,24,1711946438.798,0.0703125,19.4453125,5.820000E+01,6.179688E+00
11,1,1711946438.873,0.828125,2.5078125,1.023000E+02,0.000000E+00
11,2,1711946438.873,-0.71875,1.9140625,1.122000E+02,0.000000E+00
11,3,1711946438.873,-0.1015625,1.453125,1.150000E+02,0.000000E+00
11,4,1711946438.873,-1.8046875,1.65625,5.690000E+01,1.945312E+00
11,5,1711946438.873,-5.1328125,14.8203125,6.130000E+01,7.484375E+00
11,6,1711946438.873,1.328125,2.5078125,5.590000E+01,8.460938E+00
11,7,1711946438.873,-0.9453125,2.890625,5.710000E+01,-6.828125E+00
11,8,1711946438.873,-2.2734375,1.34375,1.007000E+02,0.000000E+00
11,9,1711946438.873,0.328125,1.4140625,1.066000E+02,0.000000E+00
11,10,1711946438.873,1.25,2.1015625,5.510000E+01,1.945312E+00
11,11,1711946438.873,1.375,15.625,5.900000E+01,7.484375E+00
11,12,1711946438.873,-2.671875,1.828125,5.630000E+01,7.484375E+00
11,13,1711946438.873,-2.15625,1.84375,5.390000E+01,8.460938E+00
11,14,1711946438.873,-0.0859375,3.4296875,5.460000E+01,6.828125E+00
11,15,1711946438.873,-0.359375,3.2109375,5.820000E+01,7.156250E+00
11,16,1711946438.873,-0.4140625,3.609375,5.700000E+01,9.437500E+00
11,17,1711946438.873,-0.15625,3.0390625,5.660000E+01,-9.757812E+00
11,18,1711946438.873,0.390625,3.8046875,5.680000E+01,-5.531250E+00
11,19,1711946438.873,0.1484375,3.4296875,5.560000E+01,-4.875000E+00
11,20,1711946438.873,0.078125,3.828125,5.970000E+01,-4.554688E+00
11,21,1711946438.873,-0.40625,9.3515625,6.290000E+01,3.250000E+00
11,22,1711946438.873,0.984375,19.8203125,6.220000E+01,7.484375E+00
11,23,1711946438.873,-0.0546875,18.2578125,5.860000E+01,8.460938E+00
11,24,1711946438.873,-0.890625,17.84375,6.020000E+01,9.437500E+00
11,25,1711946438.873,-0.0390625,22.8046875,5.740000E+01,-6.507812E+00
11,26,1711946438.873,0.125,14.8984375,5.770000E+01,5.203125E+00
12,1,1711946438.948,0.8359375,2.5078125,1.025000E+02,0.000000E+00
12,2,1711946438.948,-0.7109375,1.921875,1.122000E+02,0.000000E+00
12,3,1711946438.948,-0.1015625,1.453125,1.150000E+02,0.000000E+00
12,4,1711946438.948,2.6640625,1.4609375,5.570000E+01,2.921875E+00
12,5,1711946438.948,-1.1953125,3.2109375,5.770000E+01,9.757812E+00
12,6,1711946438.948,1.375,2.0234375,5.510000E+01,9.757812E+00
12,7,1711946438.948,-3.2265625,1.6640625,5.740000E+01,-7.804688E+00
12,8,1711946438.948,2.2578125,2.0390625,5.660000E+01,-7.804688E+00
12,9,1711946438.948,-2.2578125,1.3671875,1.002000E+02,0.000000E+00
12,10,1711946438.948,0.328125,1.4140625,1.065000E+02,0.000000E+00
12,11,1711946438.948,-1.4140625,1.9921875,5.080000E+01,9.757812E+00
12,12,1711946438.948,0.671875,3.5703125,5.620000E+01,-7.804688E+00
12,13,1711946438.948,-0.484375,5.3828125,6.100000E+01,1.625000E+00
12,14,1711946438.948,0.1171875,3.234375,5.240000E+01,4.554688E+00
12,15,1711946438.948,-0.140625,3.6328125,5.610000E+01,8.781250E+00
12,16,1711946438.948,-0.5625,3.7890625,5.720000E+01,9.757812E+00
12,17,1711946438.948,-0.046875,3.4296875,5.960000E+01,-5.851562E+00
12,18,1711946438.948,-0.15625,4.0234375,5.810000E+01,-1.945312E+00
12,19,1711946438.948,-0.296875,3.21875,5.350000E+01,2.601562E+00
12,20,1711946438.948,-0.0390625,5.8046875,6.070000E+01,8.781250E+00
12,21,1711946438.948,-0.109375,7.78125,6.090000E+01,6.179688E+00
12,22,1711946438.948,-0.1171875,19.046875,5.800000E+01,-8.781250E+00
12,23,1711946438.948,0.3671875,6.5859375,6.170000E+01,-7.156250E+00
12,24,1711946438.948,-0.5,11.3359375,6.200000E+01,-5.203125E+00
12,25,1711946438.948,0.4453125,12.125,6.070000E+01,-4.554688E+00
12,26,1711946438.948,-0.4140625,22.4140625,5.860000E+01,-3.898438E+00
12,27,1711946438.948,-0.078125,24.78125,7.640000E+01,0.000000E+00
12,28,1711946438.948,0.0390625,11.140625,5.820000E+01,2.921875E+00
12,29,1711946438.948,-0.0234375,17.46875,5.690000E+01,-4.226562E+00
13,1,1711946439.023,0.828125,2.5078125,1.029000E+02,0.000000E+00
13,2,1711946439.023,-0.7109375,1.921875,1.121000E+02,0.000000E+00
13,3,1711946439.023,-0.1015625,1.453125,1.150000E+02,0.000000E+00
13,4,1711946439.023,-1.78125,9.3984375,5.890000E+01,1.296875E+00
13,5,1711946439.023,2.5078125,1.3203125,5.430000E+01,3.578125E+00
13,6,1711946439.023,-2.84375,2.2578125,5.730000E+01,7.804688E+00
13,7,1711946439.023,1.7734375,1.9609375,5.340000E+01,7.804688E+00
13,8,1711946439.023,1.2109375,2.34375,1.026000E+02,0.000000E+00
13,9,1711946439.023,0.3359375,1.4140625,1.064000E+02,0.000000E+00
13,10,1711946439.023,3.2109375,9.0078125,5.860000E+01,1.296875E+00
13,11,1711946439.023,-0.921875,2.6796875,5.300000E+01,3.578125E+00
13,12,1711946439.023,2.6875,2.4453125,5.680000E+01,7.804688E+00
13,13,1711946439.023,2.3984375,1.1015625,5.280000E+01,7.804688E+00
13,14,1711946439.023,0.1875,5.40625,6.110000E+01,-4.226562E+00
13,15,1711946439.023,0.2734375,3.625,5.860000E+01,-2.273438E+00
13,16,1711946439.023,0.4609375,22.796875,5.950000E+01,2.273438E+00
13,17,1711946439.023,0.734375,22.0,6.100000E+01,2.601562E+00
13,18,1711946439.023,-0.0546875,8.375,6.160000E+01,2.601562E+00
13,19,1711946439.023,-0.015625,10.75,5.990000E+01,5.203125E+00
13,20,1711946439.023,-0.2109375,14.8984375,6.190000E+01,-1.008594E+01
13,21,1711946439.023,0.1015625,10.9453125,5.980000E+01,-6.179688E+00
13,22,1711946439.023,0.3359375,9.15625,6.070000E+01,-4.554688E+00
13,23,1711946439.023,-0.2109375,17.2734375,5.840000E+01,-1.945312E+00
13,24,1711946439.023,-0.078125,24.78125,7.650000E+01,0.000000E+00
13,25,1711946439.023,0.015625,9.7578125,5.830000E+01,1.296875E+00
13,26,1711946439.023,0.1953125,16.875,5.720000E+01,-7.156250E+00
14,1,1711946439.098,0.8203125,2.5078125,1.028000E+02,0.000000E+00
14,2,1711946439.098,-0.7109375,1.921875,1.131000E+02,0.000000E+00
14,3,1711946439.098,-0.1015625,1.453125,1.149000E+02,0.000000E+00
14,4,1711946439.098,1.015625,2.6484375,5.350000E+01,1.945312E+00
14,5,1711946439.098,-1.8125,1.921875,5.390000E+01,6.179688E+00
14,6,1711946439.098,-0.9609375,2.25,5.500000E+01,6.507812E+00
14,7,1711946439.098,-3.15625,1.34375,5.640000E+01,-8.460938E+00
14,8,1711946439.098,-7.7421875,14.5390625,6.310000E+01,-4.875000E+00
14,9,1711946439.098,1.859375,1.5859375,5.680000E+01,-1.296875E+00
14,10,1711946439.098,-2.28125,1.328125,1.017000E+02,0.000000E+00
14,11,1711946439.098,0.3359375,1.4140625,1.069000E+02,0.000000E+00
14,12,1711946439.098,-0.265625,2.8203125,5.270000E+01,1.945312E+00
14,13,1711946439.098,-0.046875,2.640625,5.070000E+01,6.179688E+00
14,14,1711946439.098,-1.9453125,1.484375,5.360000E+01,6.507812E+00
14,15,1711946439.098,-0.6484375,3.3671875,5.480000E+01,-8.460938E+00
14,16,1711946439.098,0.734375,2.3359375,5.340000E+01,-1.296875E+00
14,17,1711946439.098,-0.0234375,5.8046875,6.270000E+01,3.898438E+00
14,18,1711946439.098,-0.0703125,3.0390625,5.510000E+01,7.804688E+00
14,19,1711946439.098,0.125,3.4296875,5.560000E+01,-5.203125E+00
14,20,1711946439.098,0.390625,3.2109375,5.570000E+01,-9.109375E+00
14,21,1711946439.098,-0.3203125,11.53125,5.880000E+01,1.625000E+00
14,22,1711946439.098,-0.9453125,18.4375,5.940000E+01,2.273438E+00
14,23,1711946439.098,0.2578125,6.5859375,6.040000E+01,3.898438E+00
14,24,1711946439.098,-0.015625,10.75,5.860000E+01,5.531250E+00
14,25,1711946439.098,0.578125,20.03125,6.020000E+01,6.179688E+00
14,26,1711946439.098,-0.2578125,11.34375,5.980000E+01,6.179688E+00
14,27,1711946439.098,0.3671875,10.7421875,6.100000E+01,6.179688E+00
14,28,1711946439.098,-0.84375,22.7890625,5.750000E+01,-7.804688E+00
14,29,1711946439.098,0.0703125,22.8046875,5.780000E+01,-3.898438E+00
14,30,1711946439.098,-0.34375,23.796875,6.190000E+01,0.000000E+00
15,1,1711946439.173,-2.34375,1.21875,1.059000E+02,0.000000E+00
15,2,1711946439.173,-0.71875,1.9140625,1.128000E+02,0.000000E+00
15,3,1711946439.173,-0.09375,1.453125,1.145000E+02,0.000000E+00
15,4,1711946439.173,2.09375,1.9140625,5.640000E+01,3.578125E+00
15,5,1711946439.173,2.25,1.3828125,5.590000E+01,5.531250E+00
15,6,1711946439.173,-1.703125,9.609375,6.180000E+01,-8.132812E+00
15,7,1711946439.173,-2.1640625,1.1328125,5.530000E+01,-6.179688E+00
15,8,1711946439.173,0.703125,2.546875,1.031000E+02,0.000000E+00
15,9,1711946439.173,-0.015625,2.046875,1.057000E+02,0.000000E+00
15,10,1711946439.173,0.3125,1.421875,1.077000E+02,0.000000E+00
15,11,1711946439.173,-1.2578125,2.546875,5.590000E+01,3.578125E+00
15,12,1711946439.173,-1.765625,1.9609375,5.550000E+01,5.531250E+00
15,13,1711946439.173,2.40625,9.453125,5.940000E+01,-8.132812E+00
15,14,1711946439.173,-1.1484375,2.15625,5.270000E+01,-6.179688E+00
15,15,1711946439.173,0.1171875,4.6171875,5.950000E+01,4.875000E+00
15,16,1711946439.173,0.7734375,21.0078125,6.130000E+01,3.250000E+00
15,17,1711946439.173,-0.046875,8.375,6.070000E+01,4.875000E+00
15,18,1711946439.173,0.4609375,8.359375,6.190000E+01,-6.828125E+00
15,19,1711946439.173,0.5078125,15.484375,6.110000E+01,-4.554688E+00
15,20,1711946439.173,-0.078125,24.78125,7.630000E+01,0.000000E+00
15,21,1711946439.173,-0.6484375,23.5859375,6.060000E+01,0.000000E+00
15,22,1711946439.173,0.203125,19.84375,5.450000E+01,3.250000E+00
15,23,1711946439.173,-0.953125,21.203125,5.780000E+01,-2.601562E+00
16,1,1711946439.248,-2.34375,1.21875,1.045000E+02,0.000000E+00
16,2,1711946439.248,-0.734375,1.9140625,1.123000E+02,0.000000E+00
16,3,1711946439.248,-0.09375,1.453125,1.147000E+02,0.000000E+00
16,4,1711946439.248,0.5703125,3.1796875,5.590000E+01,4.875000E+00
16,5,1711946439.248,13.953125,8.7578125,5.990000E+01,5.203125E+00
16,6,1711946439.248,0.8125,2.515625,5.290000E+01,5.203125E+00
16,7,1711946439.248,1.4375,2.4453125,5.760000E+01,9.757812E+00
16,8,1711946439.248,2.3203125,1.625,5.650000E+01,-3.250000E+00
16,9,1711946439.248,1.1015625,2.6171875,5.550000E+01,-1.296875E+00
16,10,1711946439.248,0.6953125,2.546875,1.024000E+02,0.000000E+00
16,11,1711946439.248,0.3125,1.421875,1.072000E+02,0.000000E+00
16,12,1711946439.248,2.7421875,1.7109375,5.290000E+01,4.875000E+00
16,13,1711946439.248,-1.75,2.2265625,5.370000E+01,9.757812E+00
16,14,1711946439.248,0.4453125,2.8046875,5.620000E+01,-3.250000E+00
16,15,1711946439.248,-2.1484375,1.8515625,5.480000E+01,-1.296875E+00
16,16,1711946439.248,-0.2421875,3.2265625,5.600000E+01,7.804688E+00
16,17,1711946439.248,0.1328125,3.4296875,5.750000E+01,-4.875000E+00
16,18,1711946439.248,-0.203125,3.625,5.540000E+01,7.156250E+00
16,19,1711946439.248,0.3984375,16.8671875,6.270000E+01,1.625000E+00
16,20,1711946439.248,0.0703125,12.328125,5.960000E+01,2.601562E+00
16,21,1711946439.248,0.671875,18.640625,5.980000E+01,4.554688E+00
16,22,1711946439.248,-0.0625,12.1328125,6.060000E+01,8.132812E+00
16,23,1711946439.248,-0.515625,19.2421875,5.930000E+01,-8.460938E+00
16,24,1711946439.248,-0.09375,17.2734375,6.200000E+01,-6.484375E-01
16,25,1711946439.248,-0.0859375,24.78125,7.630000E+01,0.000000E+00
17,1,1711946439.338,0.8359375,2.5,1.027000E+02,0.000000E+00
17,2,1711946439.338,-0.703125,1.921875,1.129000E+02,0.000000E+00
17,3,1711946439.338,-0.1015625,1.453125,1.150000E+02,0.000000E+00
17,4,1711946439.338,3.796875,11.9296875,6.170000E+01,3.578125E+00
17,5,1711946439.338,1.5625,3.28125,5.860000E+01,3.578125E+00
17,6,1711946439.338,1.4453125,2.2109375,5.340000E+01,9.109375E+00
17,7,1711946439.338,-2.2734375,1.3515625,1.008000E+02,0.000000E+00
17,8,1711946439.338,0.3359375,1.4140625,1.067000E+02,0.000000E+00
17,9,1711946439.338,-3.3125,12.078125,6.130000E+01,3.578125E+00
17,10,1711946439.338,-2.5703125,2.5703125,5.240000E+01,3.578125E+00
17,11,1711946439.338,0.359375,2.6171875,5.180000E+01,9.109375E+00
17,12,1711946439.338,0.09375,4.0234375,5.650000E+01,-8.781250E+00
17,13,1711946439.338,-0.3046875,5.6015625,6.180000E+01,-6.179688E+00
17,14,1711946439.338,0.6484375,4.1796875,6.030000E+01,-3.578125E+00
17,15,1711946439.338,-0.125,4.2265625,5.740000E+01,-3.578125E+00
17,16,1711946439.338,0.2421875,9.5625,6.060000E+01,1.625000E+00
17,17,1711946439.338,-0.2109375,13.515625,6.040000E+01,-8.132812E+00
17,18,1711946439.338,0.0,8.5703125,5.910000E+01,-5.203125E+00
17,19,1711946439.338,0.1171875,11.734375,5.970000E+01,-3.578125E+00
17,20,1711946439.338,-0.078125,24.78125,7.640000E+01,0.000000E+00
18,1,1711946439.398,0.7578125,2.53125,1.043000E+02,0.000000E+00
18,2,1711946439.398,-0.6953125,1.921875,1.128000E+02,0.000000E+00
18,3,1711946439.398,-0.109375,1.4453125,1.151000E+02,0.000000E+00
18,4,1711946439.398,0.5546875,2.5859375,5.620000E+01,3.898438E+00
18,5,1711946439.398,-1.5234375,1.9140625,5.440000E+01,8.460938E+00
18,6,1711946439.398,-2.140625,1.546875,5.930000E+01,-5.851562E+00
18,7,1711946439.398,-2.3046875,1.2890625,1.022000E+02,0.000000E+00
18,8,1711946439.398,1.296875,1.5859375,1.043000E+02,0.000000E+00
18,9,1711946439.398,0.359375,1.40625,1.061000E+02,0.000000E+00
18,10,1711946439.398,-0.2734375,2.4296875,5.400000E+01,8.460938E+00
18,11,1711946439.398,1.4296875,2.21875,5.690000E+01,-5.851562E+00
18,12,1711946439.398,-0.0234375,3.6328125,5.720000E+01,7.484375E+00
18,13,1711946439.398,0.2421875,5.6015625,5.970000E+01,8.132812E+00
18,14,1711946439.398,-0.1484375,11.140625,6.070000E+01,3.898438E+00
18,15,1711946439.398,0.078125,10.75,5.670000E+01,3.898438E+00
18,16,1711946439.398,-0.390625,11.53125,6.220000E+01,4.226562E+00
18,17,1711946439.398,0.171875,15.4921875,5.950000E+01,6.507812E+00
18,18,1711946439.398,0.0,14.109375,6.060000E+01,-7.804688E+00
18,19,1711946439.398,0.7109375,13.5,6.190000E+01,-7.804688E+00
18,20,1711946439.398,0.5234375,9.9375,6.170000E+01,-3.250000E+00
18,21,1711946439.398,-0.1015625,24.78125,7.630000E+01,0.000000E+00
18,22,1711946439.398,-0.6484375,22.203125,5.630000E+01,6.828125E+00
18,23,1711946439.398,-0.5,11.3359375,5.950000E+01,9.437500E+00
19,1,1711946439.473,1.3046875,2.296875,1.031000E+02,0.000000E+00
19,2,1711946439.473,-0.7109375,1.921875,1.120000E+02,0.000000E+00
19,3,1711946439.473,-0.1015625,1.453125,1.151000E+02,0.000000E+00
19,4,1711946439.473,3.953125,6.234375,6.190000E+01,3.250000E+00
19,5,1711946439.473,-0.09375,2.4453125,5.660000E+01,3.250000E+00
19,6,1711946439.473,-2.796875,1.9921875,5.660000E+01,6.179688E+00
19,7,1711946439.473,-1.09375,2.1875,5.470000E+01,8.132812E+00
19,8,1711946439.473,0.8515625,2.5,5.890000E+01,9.757812E+00
19,9,1711946439.473,-0.6640625,2.5546875,5.720000E+01,-9.437500E+00
19,10,1711946439.473,8.7265625,17.15625,6.310000E+01,-5.851562E+00
19,11,1711946439.473,0.8046875,2.515625,1.028000E+02,0.000000E+00
19,12,1711946439.473,1.2734375,1.6015625,1.049000E+02,0.000000E+00
19,13,1711946439.473,0.3359375,1.4140625,1.062000E+02,0.000000E+00
19,14,1711946439.473,-2.1328125,1.203125,5.500000E+01,3.250000E+00
19,15,1711946439.473,1.625,2.078125,5.290000E+01,9.757812E+00
19,16,1711946439.473,2.4140625,1.0625,5.650000E+01,-9.437500E+00
19,17,1711946439.473,-0.53125,3.390625,5.750000E+01,7.484375E+00
19,18,1711946439.473,0.5625,5.578125,5.780000E+01,1.008594E+01
19,19,1711946439.473,0.171875,3.03125,5.810000E+01,-9.109375E+00
19,20,1711946439.473,-0.25,3.421875,5.090000E+01,-1.296875E+00
19,21,1711946439.473,0.5,16.46875,6.030000E+01,1.296875E+00
19,22,1711946439.473,-0.015625,16.875,6.120000E+01,3.578125E+00
19,23,1711946439.473,-0.7734375,15.875,6.130000E+01,4.554688E+00
19,24,1711946439.473,0.7734375,13.296875,5.710000E+01,6.179688E+00
19,25,1711946439.473,0.21875,10.15625,6.200000E+01,-6.507812E+00
19,26,1711946439.473,-0.390625,17.859375,5.890000E+01,-5.531250E+00
19,27,1711946439.473,-0.2109375,22.8046875,5.700000E+01,-5.203125E+00
19,28,1711946439.473,0.2890625,13.3203125,5.950000E+01,-4.875000E+00
19,29,1711946439.473,-0.7109375,15.4765625,5.780000E+01,-2.601562E+00
19,30,1711946439.473,-0.171875,14.8984375,5.950000E+01,-2.601562E+00
19,31,1711946439.473,-0.0859375,24.78125,7.650000E+01,0.000000E+00
19,32,1711946439.473,0.5546875,13.3125,5.860000E+01,4.875000E+00
20,1,1711946439.556,-2.3125,1.2734375,1.031000E+02,0.000000E+00
20,2,1711946439.556,-0.7265625,1.9140625,1.123000E+02,0.000000E+00
20,3,1711946439.556,-0.1015625,1.453125,1.149000E+02,0.000000E+00
20,4,1711946439.556,-5.984375,18.921875,6.250000E+01,1.945312E+00
20,5,1711946439.556,0.90625,2.4765625,5.570000E+01,9.437500E+00
20,6,1711946439.556,0.84375,2.5,5.240000E+01,-9.757812E+00
20,7,1711946439.556,2.15625,1.8359375,5.500000E+01,-7.484375E+00
20,8,1711946439.556,-5.2578125,6.515625,6.300000E+01,-5.531250E+00
20,9,1711946439.556,1.328125,2.5078125,5.550000E+01,-5.531250E+00
20,10,1711946439.556,1.7734375,2.2109375,5.430000E+01,-1.625000E+00
20,11,1711946439.556,0.765625,2.53125,1.020000E+02,0.000000E+00
20,12,1711946439.556,0.3203125,1.4140625,1.067000E+02,0.000000E+00
20,13,1711946439.556,-0.7890625,2.515625,5.380000E+01,9.437500E+00
20,14,1711946439.556,-0.09375,2.640625,5.050000E+01,-9.757812E+00
20,15,1711946439.556,-0.7734375,2.3203125,5.070000E+01,-9.437500E+00
20,16,1711946439.556,-1.328125,2.5078125,5.260000E+01,-7.484375E+00
20,17,1711946439.556,-2.1484375,1.8515625,5.170000E+01,-5.531250E+00
20,18,1711946439.556,0.8828125,2.6953125,5.400000E+01,-1.625000E+00
20,19,1711946439.556,-0.1171875,3.4296875,5.750000E+01,7.484375E+00
20,20,1711946439.556,-0.3203125,3.0234375,5.580000E+01,8.781250E+00
20,21,1711946439.556,0.078125,3.6328125,5.880000E+01,-4.554688E+00
20,22,1711946439.556,0.6328125,19.8359375,6.130000E+01,1.625000E+00
20,23,1711946439.556,1.0,22.78125,5.850000E+01,3.578125E+00
20,24,1711946439.556,-0.4765625,8.5546875,6.270000E+01,4.554688E+00
20,25,1711946439.556,0.515625,13.3125,6.040000E+01,5.203125E+00
20,26,1711946439.556,-0.2265625,7.78125,6.090000E+01,7.156250E+00
20,27,1711946439.556,0.7578125,22.3984375,5.840000E+01,8.132812E+00
20,28,1711946439.556,-0.1640625,7.5859375,6.020000E+01,8.781250E+00
20,29,1711946439.556,0.5859375,19.6328125,5.820000E+01,-1.041406E+01
20,30,1711946439.556,-0.9296875,22.7890625,5.730000E+01,-1.008594E+01
20,31,1711946439.556,-0.5625,20.8203125,6.050000E+01,-4.554688E+00
20,32,1711946439.556,0.421875,13.3125,6.110000E+01,-3.578125E+00
20,33,1711946439.556,-0.546875,19.6328125,6.110000E+01,-2.921875E+00
20,34,1711946439.556,-0.1796875,22.609375,5.790000E+01,-2.601562E+00
20,35,1711946439.556,-0.0390625,15.890625,6.130000E+01,-1.296875E+00
20,36,1711946439.556,-0.078125,24.78125,7.630000E+01,0.000000E+00
20,37,1711946439.556,-0.3125,12.7265625,6.000000E+01,3.578125E+00
20,38,1711946439.556,0.0703125,17.2734375,6.010000E+01,6.179688E+00
20,39,1711946439.556,0.0078125,9.1640625,5.910000E+01,-8.781250E+00
20,40,1711946439.556,-0.6484375,22.6015625,5.620000E+01,-6.828125E+00
21,1,1711946439.670,0.8125,2.515625,1.026000E+02,0.000000E+00
21,2,1711946439.670,-0.7109375,1.921875,1.127000E+02,0.000000E+00
21,3,1711946439.670,-0.1015625,1.453125,1.149000E+02,0.000000E+00
21,4,1711946439.670,-2.5,3.1484375,5.650000E+01,6.507812E+00
21,5,1711946439.670,2.1640625,2.40625,5.920000E+01,6.507812E+00
21,6,1711946439.670,1.1640625,2.1484375,5.410000E+01,6.507812E+00
21,7,1711946439.670,-0.203125,2.828125,5.680000E+01,6.828125E+00
21,8,1711946439.670,0.1015625,2.4453125,5.720000E+01,7.484375E+00
21,9,1711946439.670,2.4140625,2.1484375,5.420000E+01,-3.898438E+00
21,10,1711946439.670,-0.796875,2.7265625,5.740000E+01,-3.578125E+00
21,11,1711946439.670,-1.625,2.5703125,5.340000E+01,-1.945312E+00
21,12,1711946439.670,-2.296875,1.3046875,1.022000E+02,0.000000E+00
21,13,1711946439.670,0.328125,1.4140625,1.067000E+02,0.000000E+00
21,14,1711946439.670,-1.3359375,2.9453125,5.330000E+01,6.507812E+00
21,15,1711946439.670,-0.921875,2.265625,5.270000E+01,6.507812E+00
21,16,1711946439.670,-1.625,2.796875,5.370000E+01,-3.898438E+00
21,17,1711946439.670,1.59375,2.34375,5.730000E+01,-3.578125E+00
21,18,1711946439.670,0.0390625,4.6171875,6.140000E+01,1.945312E+00
21,19,1711946439.670,-0.078125,4.0234375,5.620000E+01,4.875000E+00
21,20,1711946439.670,0.0078125,3.234375,5.430000E+01,4.875000E+00
21,21,1711946439.670,0.75,4.75,5.860000E+01,-4.226562E+00
21,22,1711946439.670,-0.046875,18.65625,5.910000E+01,1.945312E+00
21,23,1711946439.670,0.3515625,7.7734375,5.840000E+01,2.601562E+00
21,24,1711946439.670,-0.65625,22.796875,5.670000E+01,3.578125E+00
21,25,1711946439.670,0.5625,20.03125,5.920000E+01,4.554688E+00
21,26,1711946439.670,0.8359375,22.7890625,6.100000E+01,7.156250E+00
21,27,1711946439.670,0.203125,12.1328125,6.090000E+01,7.484375E+00
21,28,1711946439.670,0.7265625,14.8828125,6.230000E+01,-7.156250E+00
21,29,1711946439.670,-0.0546875,7.3828125,6.270000E+01,-7.156250E+00
21,30,1711946439.670,0.6328125,14.09375,6.240000E+01,-4.875000E+00
22,1,1711946439.766,0.84375,2.5,1.032000E+02,0.000000E+00
22,2,1711946439.766,-0.703125,1.921875,1.129000E+02,0.000000E+00
22,3,1711946439.766,-0.1015625,1.453125,1.150000E+02,0.000000E+00
22,4,1711946439.766,1.8984375,1.8359375,5.670000E+01,5.531250E+00
22,5,1711946439.766,2.375,1.15625,5.540000E+01,7.484375E+00
22,6,1711946439.766,0.59375,2.5703125,5.390000E+01,-1.008594E+01
22,7,1711946439.766,1.6796875,3.65625,5.770000E+01,-8.460938E+00
22,8,1711946439.766,0.2109375,2.828125,5.620000E+01,-4.554688E+00
22,9,1711946439.766,1.6640625,2.296875,5.450000E+01,-3.578125E+00
22,10,1711946439.766,-2.2578125,1.3671875,1.004000E+02,0.000000E+00
22,11,1711946439.766,0.34375,1.4140625,1.065000E+02,0.000000E+00
22,12,1711946439.766,-2.1171875,1.5703125,5.530000E+01,5.531250E+00
22,13,1711946439.766,2.28125,2.5546875,5.330000E+01,6.507812E+00
22,14,1711946439.766,0.2109375,2.6328125,5.260000E+01,7.484375E+00
22,15,1711946439.766,0.015625,2.640625,5.320000E+01,-1.008594E+01
22,16,1711946439.766,-1.1875,2.578125,5.300000E+01,-4.554688E+00
22,17,1711946439.766,-1.75,2.234375,5.390000E+01,-3.578125E+00
22,18,1711946439.766,-0.375,3.015625,5.520000E+01,3.250000E+00
22,19,1711946439.766,-0.09375,3.828125,5.600000E+01,9.757812E+00
22,20,1711946439.766,-0.0390625,3.0390625,5.610000E+01,-6.179688E+00
22,21,1711946439.766,0.3203125,3.0234375,5.740000E+01,-4.554688E+00
22,22,1711946439.766,-0.0078125,3.828125,5.640000E+01,-1.625000E+00
22,23,1711946439.766,0.265625,4.4140625,6.340000E+01,-1.296875E+00
22,24,1711946439.766,-0.03125,11.140625,6.170000E+01,1.625000E+00
22,25,1711946439.766,0.4921875,16.2734375,6.060000E+01,1.945312E+00
22,26,1711946439.766,0.1171875,11.34375,6.010000E+01,1.945312E+00
22,27,1711946439.766,0.21875,20.0390625,6.140000E+01,8.132812E+00
22,28,1711946439.766,-0.65625,22.796875,5.740000E+01,-4.875000E+00
22,29,1711946439.766,-0.3125,16.4765625,5.990000E+01,-1.296875E+00
22,30,1711946439.766,-0.0703125,24.78125,7.650000E+01,0.000000E+00
22,31,1711946439.766,-0.7890625,23.78125,6.350000E+01,0.000000E+00
23,1,1711946439.867,1.2734375,2.3125,1.031000E+02,0.000000E+00
23,2,1711946439.867,-0.703125,1.921875,1.126000E+02,0.000000E+00
23,3,1711946439.867,-0.1015625,1.453125,1.151000E+02,0.000000E+00
23,4,1711946439.867,1.3125,2.0625,5.460000E+01,1.945312E+00
23,5,1711946439.867,-1.5703125,2.6015625,5.840000E+01,-8.460938E+00
23,6,1711946439.867,0.75,2.53125,5.550000E+01,-7.156250E+00
23,7,1711946439.867,-2.203125,1.4609375,5.290000E+01,-6.507812E+00
23,8,1711946439.867,2.546875,1.25,5.790000E+01,-4.875000E+00
23,9,1711946439.867,2.015625,1.3828125,5.500000E+01,-4.875000E+00
23,10,1711946439.867,0.8359375,2.5078125,1.031000E+02,0.000000E+00
23,11,1711946439.867,0.34375,1.4140625,1.063000E+02,0.000000E+00
23,12,1711946439.867,0.0390625,2.4453125,5.390000E+01,1.945312E+00
23,13,1711946439.867,-1.9375,1.796875,5.330000E+01,-7.156250E+00
23,14,1711946439.867,-1.1875,2.359375,5.130000E+01,-6.507812E+00
23,15,1711946439.867,0.625,2.765625,5.310000E+01,-4.875000E+00
23,16,1711946439.867,0.3359375,2.421875,5.330000E+01,-4.875000E+00
23,17,1711946439.867,0.21875,3.03125,5.650000E+01,6.179688E+00
23,18,1711946439.867,0.21875,4.4140625,5.910000E+01,-3.578125E+00
23,19,1711946439.867,-0.2890625,3.21875,5.370000E+01,3.250000E+00
23,20,1711946439.867,-0.3359375,3.21875,5.440000E+01,7.484375E+00
23,21,1711946439.867,-0.15625,13.3203125,6.190000E+01,-4.875000E+00
23,22,1711946439.867,-0.6484375,12.3125,6.060000E+01,-2.273438E+00
23,23,1711946439.867,-0.0859375,24.78125,7.640000E+01,0.000000E+00
23,24,1711946439.867,0.75,16.6640625,6.090000E+01,9.687500E-01
23,25,1711946439.867,-0.34375,8.5625,5.880000E+01,-8.781250E+00
24,1,1711946439.957,0.8203125,2.5078125,1.023000E+02,0.000000E+00
24,2,1711946439.957,-0.7109375,1.921875,1.123000E+02,0.000000E+00
24,3,1711946439.957,-0.1015625,1.453125,1.150000E+02,0.000000E+00
24,4,1711946439.957,-0.4453125,2.40625,5.190000E+01,9.437500E+00
24,5,1711946439.957,-2.59375,1.578125,5.560000E+01,-1.041406E+01
24,6,1711946439.957,1.6875,1.765625,5.430000E+01,-1.008594E+01
24,7,1711946439.957,1.28125,2.3125,1.023000E+02,0.000000E+00
24,8,1711946439.957,0.328125,1.4140625,1.064000E+02,0.000000E+00
24,9,1711946439.957,-1.21875,2.1171875,5.150000E+01,9.437500E+00
24,10,1711946439.957,1.0,2.8671875,5.260000E+01,-1.041406E+01
24,11,1711946439.957,-2.046875,1.3359375,5.390000E+01,-1.008594E+01
24,12,1711946439.957,1.3671875,2.2578125,5.220000E+01,-8.781250E+00
24,13,1711946439.957,-0.15625,4.0234375,5.580000E+01,9.757812E+00
24,14,1711946439.957,0.3203125,3.8125,5.600000E+01,-3.898438E+00
24,15,1711946439.957,-0.71875,4.359375,6.050000E+01,7.804688E+00
24,16,1711946439.957,0.1796875,8.7734375,5.960000E+01,-8.781250E+00
24,17,1711946439.957,-0.421875,16.671875,6.100000E+01,-7.156250E+00
25,1,1711946440.015,0.8203125,2.5078125,1.025000E+02,0.000000E+00
25,2,1711946440.015,-0.7109375,1.921875,1.125000E+02,0.000000E+00
25,3,1711946440.015,-0.1015625,1.453125,1.150000E+02,0.000000E+00
25,4,1711946440.015,0.09375,2.8359375,5.510000E+01,1.296875E+00
25,5,1711946440.015,1.234375,2.3359375,5.660000E+01,4.226562E+00
25,6,1711946440.015,2.0859375,1.921875,5.440000E+01,-5.851562E+00
25,7,1711946440.015,1.7578125,1.703125,5.500000E+01,-1.945312E+00
25,8,1711946440.015,1.265625,2.3125,1.023000E+02,0.000000E+00
25,9,1711946440.015,0.3359375,1.4140625,1.064000E+02,0.000000E+00
25,10,1711946440.015,-1.3203125,2.5078125,5.190000E+01,1.296875E+00
25,11,1711946440.015,-1.2421875,2.328125,5.590000E+01,4.226562E+00
25,12,1711946440.015,-2.203125,1.7890625,5.380000E+01,-5.851562E+00
25,13,1711946440.015,-0.2109375,2.4375,5.460000E+01,-1.945312E+00
25,14,1711946440.015,-0.46875,4.59375,5.970000E+01,2.921875E+00
25,15,1711946440.015,0.609375,4.3828125,6.220000E+01,-8.781250E+00
25,16,1711946440.015,0.5,4.1953125,5.950000E+01,-8.460938E+00
25,17,1711946440.015,-0.5859375,4.3828125,5.680000E+01,-8.781250E+00
25,18,1711946440.015,-0.6796875,4.171875,5.220000E+01,-8.460938E+00
25,19,1711946440.015,0.015625,16.6796875,6.180000E+01,3.250000E+00
25,20,1711946440.015,0.3125,8.171875,6.360000E+01,3.898438E+00
25,21,1711946440.015,0.609375,16.8671875,6.250000E+01,8.781250E+00
26,1,1711946440.083,0.8359375,2.5078125,1.029000E+02,0.000000E+00
26,2,1711946440.083,-0.7109375,1.921875,1.126000E+02,0.000000E+00
26,3,1711946440.083,-0.1015625,1.453125,1.150000E+02,0.000000E+00
26,4,1711946440.083,-0.8359375,2.921875,5.700000E+01,1.945312E+00
26,5,1711946440.083,1.859375,6.9453125,6.210000E+01,6.507812E+00
26,6,1711946440.083,1.7109375,2.015625,5.560000E+01,6.507812E+00
26,7,1711946440.083,-1.703125,1.7578125,5.520000E+01,-3.578125E+00
26,8,1711946440.083,1.234375,2.3359375,1.027000E+02,0.000000E+00
26,9,1711946440.083,0.3359375,1.4140625,1.064000E+02,0.000000E+00
26,10,1711946440.083,-1.7734375,2.46875,5.170000E+01,1.945312E+00
26,11,1711946440.083,-2.0,6.90625,6.020000E+01,6.507812E+00
26,12,1711946440.083,-1.9921875,1.734375,5.380000E+01,6.507812E+00
26,13,1711946440.083,0.453125,4.59375,6.160000E+01,-6.179688E+00
26,14,1711946440.083,0.234375,7.5859375,6.260000E+01,1.008594E+01
26,15,1711946440.083,-0.8203125,22.7890625,5.770000E+01,-1.041406E+01
26,16,1711946440.083,-0.8125,15.6640625,5.910000E+01,-1.008594E+01
26,17,1711946440.083,0.890625,16.2578125,6.090000E+01,-9.757812E+00
26,18,1711946440.083,0.2890625,6.984375,6.050000E+01,-4.554688E+00
26,19,1711946440.083,-0.4375,16.46875,6.190000E+01,-2.921875E+00
26,20,1711946440.083,-0.3828125,10.34375,6.070000E+01,-1.945312E+00
26,21,1711946440.083,-0.15625,19.25,6.060000E+01,-9.687500E-01
26,22,1711946440.083,-0.53125,13.5078125,5.780000E+01,-9.687500E-01
26,23,1711946440.083,-0.078125,24.78125,7.640000E+01,0.000000E+00
26,24,1711946440.083,-0.109375,23.796875,6.220000E+01,0.000000E+00
26,25,1711946440.083,-0.3203125,11.1328125,5.870000E+01,3.250000E+00
27,1,1711946440.169,1.2890625,2.3046875,1.032000E+02,0.000000E+00
27,2,1711946440.169,-0.7109375,1.921875,1.124000E+02,0.000000E+00
27,3,1711946440.169,-0.1015625,1.453125,1.151000E+02,0.000000E+00
27,4,1711946440.169,2.953125,1.3125,5.350000E+01,7.484375E+00
27,5,1711946440.169,1.171875,2.5859375,5.330000E+01,7.484375E+00
27,6,1711946440.169,1.7265625,1.734375,5.650000E+01,-7.156250E+00
27,7,1711946440.169,0.5859375,2.375,5.380000E+01,-3.578125E+00
27,8,1711946440.169,-1.515625,2.3984375,5.480000E+01,-2.601562E+00
27,9,1711946440.169,-2.109375,2.1875,5.670000E+01,-1.625000E+00
27,10,1711946440.169,0.84375,2.5,1.029000E+02,0.000000E+00
27,11,1711946440.169,0.3359375,1.4140625,1.063000E+02,0.000000E+00
27,12,1711946440.169,-0.7578125,3.1484375,5.240000E+01,7.484375E+00
27,13,1711946440.169,-1.5078125,2.3984375,5.220000E+01,7.484375E+00
27,14,1711946440.169,-1.9140625,1.5234375,5.310000E+01,-7.156250E+00
27,15,1711946440.169,-1.0703125,2.625,5.470000E+01,-2.601562E+00
27,16,1711946440.169,-0.0859375,4.0234375,5.840000E+01,6.828125E+00
27,17,1711946440.169,0.2890625,5.796875,6.180000E+01,8.781250E+00
27,18,1711946440.169,0.125,6.7890625,5.940000E+01,4.226562E+00
27,19,1711946440.169,0.421875,22.8046875,5.780000E+01,-5.851562E+00
27,20,1711946440.169,-0.0234375,13.7109375,6.190000E+01,-5.531250E+00
27,21,1711946440.169,-0.0703125,24.78125,7.630000E+01,0.000000E+00
28,1,1711946440.244,1.2890625,2.3046875,1.025000E+02,0.000000E+00
28,2,1711946440.244,-0.7109375,1.921875,1.124000E+02,0.000000E+00
28,3,1711946440.244,-0.1015625,1.453125,1.150000E+02,0.000000E+00
28,4,1711946440.244,1.59375,2.5859375,5.260000E+01,1.945312E+00
28,5,1711946440.244,-1.28125,2.3046875,5.530000E+01,9.109375E+00
28,6,1711946440.244,1.3203125,2.0546875,5.610000E+01,-9.109375E+00
28,7,1711946440.244,7.7890625,9.03125,6.380000E+01,-8.781250E+00
28,8,1711946440.244,-2.078125,9.734375,6.170000E+01,-1.296875E+00
28,9,1711946440.244,1.984375,1.4296875,5.180000E+01,-1.296875E+00
28,10,1711946440.244,0.8125,2.515625,1.024000E+02,0.000000E+00
28,11,1711946440.244,0.3359375,1.4140625,1.064000E+02,0.000000E+00
28,12,1711946440.244,-0.5390625,2.9921875,5.220000E+01,1.945312E+00
28,13,1711946440.244,-2.2109375,1.4375,5.330000E+01,9.109375E+00
28,14,1711946440.244,-0.671875,2.3515625,5.060000E+01,-9.109375E+00
28,15,1711946440.244,1.3515625,9.859375,5.920000E+01,-1.296875E+00
28,16,1711946440.244,-1.078125,2.1953125,5.130000E+01,-1.296875E+00
28,17,1711946440.244,0.1796875,5.015625,6.250000E+01,8.781250E+00
28,18,1711946440.244,0.3046875,3.0234375,5.460000E+01,-2.273438E+00
28,19,1711946440.244,0.0234375,3.4296875,5.490000E+01,2.601562E+00
28,20,1711946440.244,-0.3671875,11.3359375,6.330000E+01,9.687500E-01
28,21,1711946440.244,0.5625,22.796875,5.920000E+01,3.898438E+00
28,22,1711946440.244,-0.03125,10.75,5.930000E+01,3.898438E+00
28,23,1711946440.244,-0.625,19.0390625,5.900000E+01,8.132812E+00
28,24,1711946440.244,-0.1640625,9.1640625,6.150000E+01,8.132812E+00
28,25,1711946440.244,0.09375,9.359375,5.910000E+01,8.460938E+00
28,26,1711946440.244,-0.46875,22.40625,6.240000E+01,-8.781250E+00
28,27,1711946440.244,0.03125,14.109375,6.120000E+01,-4.554688E+00
28,28,1711946440.244,0.546875,11.71875,6.040000E+01,-3.578125E+00
28,29,1711946440.244,-0.0703125,24.78125,7.640000E+01,0.000000E+00
29,1,1711946440.350,1.28125,2.3125,1.025000E+02,0.000000E+00
29,2,1711946440.350,-0.7109375,1.921875,1.124000E+02,0.000000E+00
29,3,1711946440.350,-0.1015625,1.453125,1.150000E+02,0.000000E+00
29,4,1711946440.350,-2.484375,0.90625,5.580000E+01,3.250000E+00
29,5,1711946440.350,-2.0859375,1.2734375,5.620000E+01,6.828125E+00
29,6,1711946440.350,7.546875,9.234375,6.420000E+01,8.132812E+00
29,7,1711946440.350,3.015625,1.15625,5.470000E+01,1.008594E+01
29,8,1711946440.350,4.234375,8.5703125,6.220000E+01,-9.437500E+00
29,9,1711946440.350,-2.046875,1.671875,5.420000E+01,-9.437500E+00
29,10,1711946440.350,-3.265625,15.75,6.160000E+01,-8.132812E+00
29,11,1711946440.350,-0.0078125,2.640625,5.590000E+01,-1.625000E+00
29,12,1711946440.350,0.8203125,2.5078125,1.025000E+02,0.000000E+00
29,13,1711946440.350,0.3359375,1.4140625,1.064000E+02,0.000000E+00
29,14,1711946440.350,1.140625,2.3828125,5.370000E+01,3.250000E+00
29,15,1711946440.350,0.1171875,2.4453125,5.210000E+01,6.828125E+00
29,16,1711946440.350,-1.7734375,2.46875,5.260000E+01,8.132812E+00
29,17,1711946440.350,-1.25,2.984375,5.420000E+01,1.008594E+01
29,18,1711946440.350,1.90625,1.8203125,5.280000E+01,-9.437500E+00
29,19,1711946440.350,-0.921875,2.4765625,5.060000E+01,-1.625000E+00
29,20,1711946440.350,-0.34375,3.4140625,5.740000E+01,1.625000E+00
29,21,1711946440.350,0.4375,4.59375,5.990000E+01,-7.484375E+00
29,22,1711946440.350,-0.4296875,21.21875,6.070000E+01,1.945312E+00
29,23,1711946440.350,0.0546875,6.203125,5.920000E+01,2.921875E+00
29,24,1711946440.350,-1.2734375,22.765625,5.520000E+01,7.484375E+00
29,25,1711946440.350,-0.0234375,17.46875,6.090000E+01,-7.804688E+00
29,26,1711946440.350,-0.0390625,22.609375,5.850000E+01,-1.625000E+00
29,27,1711946440.350,-0.0703125,24.78125,7.630000E+01,0.000000E+00
29,28,1711946440.350,-0.375,23.796875,6.030000E+01,0.000000E+00
29,29,1711946440.350,-0.296875,22.8046875,5.530000E+01,1.008594E+01
29,30,1711946440.350,0.2265625,20.828125,5.940000E+01,-6.507812E+00
29,31,1711946440.350,0.671875,20.625,5.770000E+01,-4.875000E+00
30,1,1711946440.468,1.2578125,2.3203125,1.031000E+02,0.000000E+00
30,2,1711946440.468,-0.703125,1.921875,1.124000E+02,0.000000E+00
30,3,1711946440.468,-0.1015625,1.453125,1.151000E+02,0.000000E+00
30,4,1711946440.468,1.796875,2.1875,5.770000E+01,1.625000E+00
30,5,1711946440.468,-0.890625,2.28125,5.300000E+01,1.945312E+00
30,6,1711946440.468,-1.703125,17.5859375,6.110000E+01,4.226562E+00
30,7,1711946440.468,1.328125,2.28125,5.800000E+01,8.781250E+00
30,8,1711946440.468,-2.078125,1.6328125,5.320000E+01,-3.578125E+00
30,9,1711946440.468,-2.328125,1.625,5.710000E+01,-2.273438E+00
30,10,1711946440.468,-0.9609375,2.25,5.590000E+01,-1.945312E+00
30,11,1711946440.468,0.84375,2.5,1.029000E+02,0.000000E+00
30,12,1711946440.468,0.3359375,1.4140625,1.063000E+02,0.000000E+00
30,13,1711946440.468,-2.0546875,1.953125,5.690000E+01,1.625000E+00
30,14,1711946440.468,-2.265625,0.921875,5.290000E+01,1.945312E+00
30,15,1711946440.468,4.203125,17.15625,5.970000E+01,4.226562E+00
30,16,1711946440.468,-1.5703125,2.125,5.210000E+01,8.781250E+00
30,17,1711946440.468,-1.140625,2.3828125,5.200000E+01,-3.578125E+00
30,18,1711946440.468,-1.265625,2.9765625,5.680000E+01,-2.273438E+00
30,19,1711946440.468,-1.0390625,2.640625,5.690000E+01,-2.273438E+00
30,20,1711946440.468,1.3359375,2.046875,5.270000E+01,-1.945312E+00
30,21,1711946440.468,-0.1328125,3.828125,5.690000E+01,-6.507812E+00
30,22,1711946440.468,-0.1484375,3.4296875,5.550000E+01,5.531250E+00
30,23,1711946440.468,-0.5,20.625,6.030000E+01,7.156250E+00
30,24,1711946440.468,-0.671875,18.2421875,5.810000E+01,-1.296875E+00
30,25,1711946440.468,-0.078125,24.78125,7.630000E+01,0.000000E+00
30,26,1711946440.468,-0.2734375,22.8046875,5.490000E+01,1.625000E+00
30,27,1711946440.468,-0.203125,21.0234375,5.870000E+01,-9.757812E+00
30,28,1711946440.468,0.0859375,7.5859375,6.030000E+01,-2.921875E+00
31,1,1711946440.578,1.296875,2.3046875,1.036000E+02,0.000000E+00
31,2,1711946440.578,-0.703125,1.921875,1.123000E+02,0.000000E+00
31,3,1711946440.578,-0.1015625,1.453125,1.151000E+02,0.000000E+00
31,4,1711946440.578,9.53125,16.953125,6.150000E+01,1.625000E+00
31,5,1711946440.578,1.703125,2.515625,5.800000E+01,1.945312E+00
31,6,1711946440.578,1.6484375,1.8046875,5.560000E+01,3.898438E+00
31,7,1711946440.578,-0.34375,2.6171875,5.380000E+01,8.132812E+00
31,8,1711946440.578,-1.7421875,2.7265625,5.830000E+01,-6.828125E+00
31,9,1711946440.578,-3.3671875,2.8671875,6.310000E+01,-2.273438E+00
31,10,1711946440.578,-0.7578125,2.53125,5.630000E+01,-2.273438E+00
31,11,1711946440.578,0.8359375,2.5,1.031000E+02,0.000000E+00
31,12,1711946440.578,1.8203125,0.9375,1.051000E+02,0.000000E+00
31,13,1711946440.578,0.34375,1.4140625,1.062000E+02,0.000000E+00
31,14,1711946440.578,0.3125,2.421875,5.380000E+01,3.898438E+00
31,15,1711946440.578,1.8359375,1.8984375,5.170000E+01,8.132812E+00
31,16,1711946440.578,2.0703125,2.484375,5.360000E+01,-6.828125E+00
31,17,1711946440.578,-0.6640625,4.96875,6.110000E+01,5.203125E+00
31,18,1711946440.578,-0.34375,3.015625,5.660000E+01,6.179688E+00
31,19,1711946440.578,0.203125,5.203125,6.160000E+01,-5.851562E+00
31,20,1711946440.578,-0.265625,3.0234375,5.680000E+01,-2.273438E+00
31,21,1711946440.578,-0.8125,5.1484375,5.230000E+01,-5.851562E+00
31,22,1711946440.578,-0.28125,4.21875,5.580000E+01,-9.687500E-01
31,23,1711946440.578,0.421875,20.4296875,5.930000E+01,4.554688E+00
31,24,1711946440.578,0.2109375,22.8046875,5.610000E+01,5.203125E+00
31,25,1711946440.578,1.1796875,21.1953125,6.050000E+01,-8.132812E+00
31,26,1711946440.578,0.359375,15.8828125,6.070000E+01,-2.601562E+00
31,27,1711946440.578,-0.09375,24.78125,7.630000E+01,0.000000E+00
31,28,1711946440.578,-0.1484375,20.828125,5.730000E+01,-4.226562E+00
32,1,1711946440.694,1.3125,2.296875,1.032000E+02,0.000000E+00
32,2,1711946440.694,-0.71875,1.9140625,1.121000E+02,0.000000E+00
32,3,1711946440.694,-0.1015625,1.453125,1.151000E+02,0.000000E+00
32,4,1711946440.694,0.6640625,3.5703125,5.650000E+01,5.851562E+00
32,5,1711946440.694,0.203125,2.4375,5.340000E+01,6.179688E+00
32,6,1711946440.694,-1.5859375,1.859375,5.360000E+01,9.437500E+00
32,7,1711946440.694,-0.1015625,2.8359375,5.370000E+01,-1.008594E+01
32,8,1711946440.694,-1.484375,1.9453125,5.300000E+01,-4.554688E+00
32,9,1711946440.694,-0.546875,2.78125,5.480000E+01,-1.625000E+00
32,10,1711946440.694,0.796875,2.515625,1.027000E+02,0.000000E+00
32,11,1711946440.694,1.28125,1.6015625,1.050000E+02,0.000000E+00
32,12,1711946440.694,0.3359375,1.4140625,1.062000E+02,0.000000E+00
32,13,1711946440.694,1.7265625,1.734375,5.160000E+01,6.179688E+00
32,14,1711946440.694,-0.3671875,2.4140625,5.140000E+01,9.437500E+00
32,15,1711946440.694,1.3515625,2.4921875,5.250000E+01,-1.008594E+01
32,16,1711946440.694,-0.2734375,4.21875,5.820000E+01,1.296875E+00
32,17,1711946440.694,-0.3046875,4.4140625,6.080000E+01,4.554688E+00
32,18,1711946440.694,-0.1875,3.625,5.610000E+01,8.460938E+00
32,19,1711946440.694,0.1484375,5.015625,5.870000E+01,1.008594E+01
32,20,1711946440.694,0.046875,4.0234375,5.530000E+01,-2.601562E+00
32,21,1711946440.694,-0.140625,7.1875,6.080000E+01,4.554688E+00
32,22,1711946440.694,-0.4765625,12.71875,6.000000E+01,5.531250E+00
32,23,1711946440.694,-0.2890625,10.75,6.010000E+01,7.156250E+00
32,24,1711946440.694,-0.0234375,18.0625,5.740000E+01,7.804688E+00
32,25,1711946440.694,0.171875,15.09375,5.910000E+01,-5.851562E+00
32,26,1711946440.694,-0.078125,24.78125,7.640000E+01,0.000000E+00
32,27,1711946440.694,-0.171875,23.796875,6.190000E+01,0.000000E+00
33,1,1711946440.811,1.296875,2.296875,1.029000E+02,0.000000E+00
33,2,1711946440.811,-0.71875,1.9140625,1.121000E+02,0.000000E+00
33,3,1711946440.811,-0.1015625,1.453125,1.151000E+02,0.000000E+00
33,4,1711946440.811,1.796875,1.6640625,5.580000E+01,-7.804688E+00
33,5,1711946440.811,-1.7421875,1.7109375,5.520000E+01,-3.578125E+00
33,6,1711946440.811,-0.9296875,2.6796875,5.640000E+01,-2.273438E+00
33,7,1711946440.811,0.796875,2.515625,1.026000E+02,0.000000E+00
33,8,1711946440.811,0.3359375,1.4140625,1.062000E+02,0.000000E+00
33,9,1711946440.811,0.421875,2.40625,5.170000E+01,-7.804688E+00
33,10,1711946440.811,1.2265625,2.1171875,5.310000E+01,-3.578125E+00
33,11,1711946440.811,1.65625,2.296875,5.590000E+01,-2.273438E+00
33,12,1711946440.811,0.453125,4.203125,5.990000E+01,2.273438E+00
33,13,1711946440.811,0.234375,4.609375,5.820000E+01,8.781250E+00
33,14,1711946440.811,-0.1171875,3.0390625,5.650000E+01,9.757812E+00
33,15,1711946440.811,0.578125,3.5859375,5.870000E+01,-7.804688E+00
33,16,1711946440.811,-0.1015625,5.2109375,6.000000E+01,-6.179688E+00
33,17,1711946440.811,0.25,7.7734375,5.900000E+01,3.898438E+00
33,18,1711946440.811,0.578125,20.2265625,6.120000E+01,4.226562E+00
33,19,1711946440.811,0.5390625,15.2890625,5.980000E+01,4.226562E+00
33,20,1711946440.811,-0.5546875,17.4609375,6.000000E+01,5.203125E+00
33,21,1711946440.811,0.3828125,10.9375,6.260000E+01,8.460938E+00
33,22,1711946440.811,-0.2421875,14.8984375,5.890000E+01,8.781250E+00
33,23,1711946440.811,-0.3515625,12.515625,6.340000E+01,-5.203125E+00
33,24,1711946440.811,-0.109375,16.4765625,6.110000E+01,-4.554688E+00
33,25,1711946440.811,0.15625,15.4921875,5.890000E+01,-4.554688E+00
33,26,1711946440.811,-0.0703125,24.78125,7.640000E+01,0.000000E+00
33,27,1711946440.811,0.859375,22.7890625,5.410000E+01,9.687500E-01
34,1,1711946440.937,1.265625,2.3203125,1.030000E+02,0.000000E+00
34,2,1711946440.937,-0.7109375,1.921875,1.123000E+02,0.000000E+00
34,3,1711946440.937,-0.1015625,1.453125,1.150000E+02,0.000000E+00
34,4,1711946440.937,-1.078125,3.671875,5.890000E+01,3.578125E+00
34,5,1711946440.937,-2.5703125,1.625,5.590000E+01,7.804688E+00
34,6,1711946440.937,-1.15625,2.375,5.570000E+01,-1.945312E+00
34,7,1711946440.937,0.828125,2.5078125,1.029000E+02,0.000000E+00
34,8,1711946440.937,0.3359375,1.4140625,1.063000E+02,0.000000E+00
34,9,1711946440.937,2.578125,2.828125,5.460000E+01,3.578125E+00
34,10,1711946440.937,2.046875,2.25,5.360000E+01,7.804688E+00
34,11,1711946440.937,-0.265625,2.625,5.410000E+01,-1.945312E+00
34,12,1711946440.937,-0.4375,3.3984375,5.400000E+01,4.875000E+00
34,13,1711946440.937,-0.140625,4.0234375,5.320000E+01,5.851562E+00
34,14,1711946440.937,-0.1484375,22.2109375,6.200000E+01,9.687500E-01
34,15,1711946440.937,-0.4375,7.9609375,6.030000E+01,2.273438E+00
34,16,1711946440.937,-0.5,17.0625,6.340000E+01,4.554688E+00
34,17,1711946440.937,-1.140625,19.4140625,5.890000E+01,7.804688E+00
34,18,1711946440.937,-0.28125,13.7109375,6.250000E+01,-6.507812E+00
34,19,1711946440.937,-0.2890625,10.9453125,6.000000E+01,-6.179688E+00
34,20,1711946440.937,0.46875,21.21875,6.110000E+01,-4.554688E+00
34,21,1711946440.937,-0.0859375,18.0625,6.420000E+01,-4.554688E+00
34,22,1711946440.937,-0.078125,24.78125,7.630000E+01,0.000000E+00
34,23,1711946440.937,-0.1328125,17.6640625,5.830000E+01,-1.296875E+00
35,1,1711946441.035,1.265625,2.3125,1.031000E+02,0.000000E+00
35,2,1711946441.035,-0.703125,1.921875,1.123000E+02,0.000000E+00
35,3,1711946441.035,-0.1015625,1.453125,1.151000E+02,0.000000E+00
35,4,1711946441.035,2.8515625,1.5234375,5.500000E+01,1.945312E+00
35,5,1711946441.035,1.6171875,2.0859375,5.570000E+01,5.203125E+00
35,6,1711946441.035,-0.375,2.6171875,5.600000E+01,6.179688E+00
35,7,1711946441.035,1.75,2.234375,5.620000E+01,8.132812E+00
35,8,1711946441.035,-0.2734375,2.8203125,5.560000E+01,1.008594E+01
35,9,1711946441.035,-3.84375,6.5390625,6.270000E+01,-1.041406E+01
35,10,1711946441.035,-1.7734375,1.953125,5.570000E+01,-1.041406E+01
35,11,1711946441.035,0.2109375,2.4375,5.330000E+01,-1.008594E+01
35,12,1711946441.035,-0.5078125,2.390625,5.260000E+01,-9.109375E+00
35,13,1711946441.035,0.8125,2.5078125,1.031000E+02,0.000000E+00
35,14,1711946441.035,0.3359375,1.4140625,1.063000E+02,0.000000E+00
35,15,1711946441.035,1.203125,3.0,5.450000E+01,1.945312E+00
35,16,1711946441.035,0.796875,2.515625,5.490000E+01,5.203125E+00
35,17,1711946441.035,1.2890625,2.3046875,5.120000E+01,6.179688E+00
35,18,1711946441.035,-0.640625,2.765625,5.460000E+01,8.132812E+00
35,19,1711946441.035,0.25,2.828125,5.430000E+01,1.008594E+01
35,20,1711946441.035,1.8828125,1.8515625,5.150000E+01,-1.041406E+01
35,21,1711946441.035,1.984375,1.4375,5.300000E+01,-1.008594E+01
35,22,1711946441.035,0.21875,2.4375,5.260000E+01,-9.109375E+00
35,23,1711946441.035,0.0,3.6328125,5.550000E+01,-2.601562E+00
35,24,1711946441.035,-0.2265625,16.4765625,6.040000E+01,4.875000E+00
35,25,1711946441.035,-0.5078125,16.671875,5.940000E+01,7.484375E+00
35,26,1711946441.035,-0.0859375,24.78125,7.630000E+01,0.000000E+00
35,27,1711946441.035,-0.484375,23.7890625,6.330000E+01,0.000000E+00
35,28,1711946441.035,-0.3125,22.015625,5.790000E+01,6.179688E+00
35,29,1711946441.035,0.2890625,14.8984375,6.010000E+01,-2.921875E+00
36,1,1711946441.163,1.3046875,2.296875,1.032000E+02,0.000000E+00
36,2,1711946441.163,-0.7109375,1.921875,1.121000E+02,0.000000E+00
36,3,1711946441.163,-0.1015625,1.453125,1.151000E+02,0.000000E+00
36,4,1711946441.163,-3.2890625,1.546875,5.860000E+01,-1.625000E+00
36,5,1711946441.163,0.78125,2.5234375,1.029000E+02,0.000000E+00
36,6,1711946441.163,1.2734375,1.6015625,1.050000E+02,0.000000E+00
36,7,1711946441.163,0.3359375,1.4140625,1.061000E+02,0.000000E+00
36,8,1711946441.163,1.6640625,3.2265625,5.500000E+01,-1.625000E+00
36,9,1711946441.163,-0.2734375,3.0234375,5.450000E+01,-1.041406E+01
36,10,1711946441.163,-0.3828125,22.4140625,6.000000E+01,1.625000E+00
36,11,1711946441.163,0.6953125,14.09375,6.210000E+01,2.921875E+00
36,12,1711946441.163,-0.359375,10.34375,5.990000E+01,3.578125E+00
36,13,1711946441.163,0.1328125,22.2109375,5.730000E+01,3.898438E+00
36,14,1711946441.163,-0.0703125,21.421875,6.010000E+01,9.109375E+00
36,15,1711946441.163,0.890625,21.2109375,5.710000E+01,-1.008594E+01
36,16,1711946441.163,-0.15625,22.8046875,5.870000E+01,-8.132812E+00
36,17,1711946441.163,-0.8359375,22.7890625,5.930000E+01,-1.296875E+00
36,18,1711946441.163,0.0,7.9765625,5.560000E+01,7.804688E+00
36,19,1711946441.163,0.265625,22.8046875,5.760000E+01,-7.156250E+00
36,20,1711946441.163,0.90625,22.7890625,5.340000E+01,-6.179688E+00
37,1,1711946441.257,1.296875,2.3046875,1.028000E+02,0.000000E+00
37,2,1711946441.257,-0.7109375,1.921875,1.122000E+02,0.000000E+00
37,3,1711946441.257,-0.1015625,1.453125,1.151000E+02,0.000000E+00
37,4,1711946441.257,-1.375,2.484375,5.340000E+01,1.945312E+00
37,5,1711946441.257,-7.1875,8.25,6.160000E+01,2.601562E+00
37,6,1711946441.257,2.4375,1.4453125,5.530000E+01,8.132812E+00
37,7,1711946441.257,-1.09375,2.40625,5.410000E+01,-1.945312E+00
37,8,1711946441.257,0.7890625,2.515625,1.027000E+02,0.000000E+00
37,9,1711946441.257,0.3359375,1.4140625,1.063000E+02,0.000000E+00
37,10,1711946441.257,0.6796875,2.75,5.340000E+01,1.945312E+00
37,11,1711946441.257,1.390625,2.46875,5.500000E+01,8.132812E+00
37,12,1711946441.257,1.96875,1.7578125,5.330000E+01,-1.945312E+00
37,13,1711946441.257,-0.6015625,3.9765625,5.740000E+01,8.781250E+00
37,14,1711946441.257,-0.1640625,3.2265625,6.030000E+01,-6.507812E+00
37,15,1711946441.257,0.5390625,13.3125,5.990000E+01,4.554688E+00
37,16,1711946441.257,0.28125,20.234375,5.880000E+01,-8.781250E+00
37,17,1711946441.257,-0.5234375,21.4140625,6.140000E+01,-6.507812E+00
37,18,1711946441.257,0.03125,22.8046875,5.850000E+01,-3.898438E+00
37,19,1711946441.257,-0.0859375,24.78125,7.640000E+01,0.000000E+00
37,20,1711946441.257,-0.5234375,23.7890625,6.270000E+01,0.000000E+00
37,21,1711946441.257,-0.4296875,9.15625,5.340000E+01,8.132812E+00
37,22,1711946441.257,-1.203125,20.6015625,5.650000E+01,-8.460938E+00
37,23,1711946441.257,0.9765625,22.78125,5.460000E+01,-5.203125E+00
37,24,1711946441.257,1.1328125,22.7734375,5.620000E+01,-1.296875E+00
38,1,1711946441.368,0.8046875,2.515625,1.029000E+02,0.000000E+00
38,2,1711946441.368,-0.703125,1.921875,1.125000E+02,0.000000E+00
38,3,1711946441.368,-0.1015625,1.453125,1.150000E+02,0.000000E+00
38,4,1711946441.368,17.671875,7.640625,6.170000E+01,-2.601562E+00
38,5,1711946441.368,1.25,2.3203125,1.027000E+02,0.000000E+00
38,6,1711946441.368,0.3359375,1.4140625,1.064000E+02,0.000000E+00
38,7,1711946441.368,-0.1640625,2.828125,5.600000E+01,-1.008594E+01
38,8,1711946441.368,-2.1875,2.109375,5.060000E+01,-3.898438E+00
38,9,1711946441.368,-0.015625,3.6328125,5.500000E+01,8.781250E+00
38,10,1711946441.368,0.53125,3.984375,5.960000E+01,-8.781250E+00
38,11,1711946441.368,0.0390625,6.0,6.150000E+01,-8.460938E+00
38,12,1711946441.368,-0.59375,22.796875,5.830000E+01,3.578125E+00
38,13,1711946441.368,-0.078125,24.78125,7.640000E+01,0.000000E+00
38,14,1711946441.368,-0.4609375,22.796875,5.560000E+01,-1.008594E+01
39,1,1711946441.439,0.8046875,2.515625,1.029000E+02,0.000000E+00
39,2,1711946441.439,-0.703125,1.921875,1.125000E+02,0.000000E+00
39,3,1711946441.439,-0.1015625,1.453125,1.150000E+02,0.000000E+00
39,4,1711946441.439,-0.84375,4.734375,6.200000E+01,1.625000E+00
39,5,1711946441.439,-2.515625,2.03125,5.750000E+01,3.578125E+00
39,6,1711946441.439,-5.2734375,13.9375,6.260000E+01,6.507812E+00
39,7,1711946441.439,0.0546875,2.4453125,5.570000E+01,6.507812E+00
39,8,1711946441.439,2.1171875,1.578125,5.410000E+01,-2.273438E+00
39,9,1711946441.439,1.3515625,2.9375,5.680000E+01,-1.296875E+00
39,10,1711946441.439,-0.8359375,2.5078125,5.740000E+01,-1.296875E+00
39,11,1711946441.439,1.265625,2.3203125,1.028000E+02,0.000000E+00
39,12,1711946441.439,0.3359375,1.4140625,1.064000E+02,0.000000E+00
39,13,1711946441.439,-1.8359375,4.453125,5.710000E+01,1.625000E+00
39,14,1711946441.439,-1.09375,3.046875,5.320000E+01,3.578125E+00
39,15,1711946441.439,-1.328125,14.8359375,5.610000E+01,6.507812E+00
39,16,1711946441.439,1.75,1.703125,5.080000E+01,6.507812E+00
39,17,1711946441.439,-1.1171875,2.390625,5.410000E+01,-2.273438E+00
39,18,1711946441.439,-1.4921875,2.1796875,5.660000E+01,-1.296875E+00
39,19,1711946441.439,0.09375,3.828125,5.570000E+01,1.625000E+00
39,20,1711946441.439,-0.0078125,5.015625,5.880000E+01,-3.898438E+00
39,21,1711946441.439,0.03125,3.234375,5.660000E+01,-1.296875E+00
39,22,1711946441.439,-0.9375,22.7890625,6.150000E+01,9.687500E-01
39,23,1711946441.439,-0.25,9.7578125,6.070000E+01,1.625000E+00
39,24,1711946441.439,-0.1484375,8.7734375,5.960000E+01,2.273438E+00
39,25,1711946441.439,-0.546875,22.796875,5.400000E+01,2.921875E+00
39,26,1711946441.439,0.34375,22.8046875,5.610000E+01,6.828125E+00
39,27,1711946441.439,0.2109375,10.15625,6.110000E+01,-1.945312E+00
39,28,1711946441.439,-0.0703125,24.78125,7.640000E+01,0.000000E+00
40,1,1711946441.582,1.296875,2.296875,1.030000E+02,0.000000E+00
40,2,1711946441.582,-0.7109375,1.921875,1.123000E+02,0.000000E+00
40,3,1711946441.582,-0.1015625,1.453125,1.150000E+02,0.000000E+00
40,4,1711946441.582,0.4296875,2.40625,5.570000E+01,1.945312E+00
40,5,1711946441.582,0.8359375,3.125,5.650000E+01,4.554688E+00
40,6,1711946441.582,-2.078125,1.6328125,5.450000E+01,-9.109375E+00
40,7,1711946441.582,0.953125,2.25,5.300000E+01,-6.828125E+00
40,8,1711946441.582,-0.5859375,2.7734375,5.620000E+01,-6.179688E+00
40,9,1711946441.582,-0.5625,3.1875,5.580000E+01,-3.578125E+00
40,10,1711946441.582,0.796875,2.515625,1.027000E+02,0.000000E+00
40,11,1711946441.582,0.3359375,1.4140625,1.062000E+02,0.000000E+00
40,12,1711946441.582,-1.8046875,1.6484375,5.290000E+01,1.945312E+00
40,13,1711946441.582,1.5703125,2.828125,5.590000E+01,4.554688E+00
40,14,1711946441.582,-0.9765625,2.453125,4.930000E+01,-9.109375E+00
40,15,1711946441.582,2.09375,1.9140625,5.310000E+01,-6.179688E+00
40,16,1711946441.582,2.2109375,1.0546875,5.310000E+01,-6.179688E+00
40,17,1711946441.582,0.953125,3.09375,5.520000E+01,-3.578125E+00
40,18,1711946441.582,-0.3515625,4.40625,6.120000E+01,3.578125E+00
40,19,1711946441.582,-0.515625,5.3828125,5.930000E+01,7.484375E+00
40,20,1711946441.582,-0.375,3.40625,5.510000E+01,9.757812E+00
40,21,1711946441.582,0.296875,3.21875,5.580000E+01,-7.156250E+00
40,22,1711946441.582,-0.296875,3.0234375,5.570000E+01,-3.898438E+00
40,23,1711946441.582,0.4609375,3.203125,5.700000E+01,-2.601562E+00
40,24,1711946441.582,0.2421875,5.3984375,5.760000E+01,7.484375E+00
40,25,1711946441.582,-0.4609375,16.2734375,6.260000E+01,5.203125E+00
40,26,1711946441.582,0.078125,15.4921875,6.060000E+01,-3.898438E+00
40,27,1711946441.582,-0.0703125,24.78125,7.630000E+01,0.000000E+00
40,28,1711946441.582,-0.25,23.796875,6.160000E+01,0.000000E+00
40,29,1711946441.582,0.171875,22.609375,5.740000E+01,-5.531250E+00
40,30,1711946441.582,-0.0546875,14.3046875,5.760000E+01,-1.296875E+00
41,1,1711946441.728,1.3046875,2.296875,1.029000E+02,0.000000E+00
41,2,1711946441.728,-0.7109375,1.921875,1.122000E+02,0.000000E+00
41,3,1711946441.728,-0.1015625,1.453125,1.151000E+02,0.000000E+00
41,4,1711946441.728,1.875,1.5703125,5.460000E+01,-7.804688E+00
41,5,1711946441.728,-0.9921875,4.3046875,6.240000E+01,-7.484375E+00
41,6,1711946441.728,-1.1015625,3.25,5.600000E+01,-1.945312E+00
41,7,1711946441.728,0.796875,2.515625,1.026000E+02,0.000000E+00
41,8,1711946441.728,0.3359375,1.4140625,1.062000E+02,0.000000E+00
41,9,1711946441.728,-0.2265625,2.4375,5.410000E+01,-7.804688E+00
41,10,1711946441.728,-2.3359375,2.5078125,5.340000E+01,-1.945312E+00
41,11,1711946441.728,1.265625,2.765625,5.380000E+01,-1.625000E+00
41,12,1711946441.728,-0.328125,4.2109375,6.010000E+01,1.945312E+00
41,13,1711946441.728,0.03125,3.234375,5.840000E+01,4.875000E+00
41,14,1711946441.728,-0.046875,3.6328125,5.510000E+01,-8.781250E+00
41,15,1711946441.728,0.578125,3.5859375,5.830000E+01,-7.804688E+00
41,16,1711946441.728,0.1953125,12.7265625,6.130000E+01,1.945312E+00
41,17,1711946441.728,-0.296875,17.8671875,6.110000E+01,8.132812E+00
41,18,1711946441.728,-0.6875,22.0078125,6.110000E+01,9.757812E+00
41,19,1711946441.728,-0.078125,24.78125,7.630000E+01,0.000000E+00
41,20,1711946441.728,-0.2265625,9.359375,5.720000E+01,9.437500E+00
41,21,1711946441.728,-0.8203125,19.03125,5.520000E+01,-8.460938E+00
42,1,1711946441.833,1.296875,2.296875,1.030000E+02,0.000000E+00
42,2,1711946441.833,-0.7109375,1.921875,1.122000E+02,0.000000E+00
42,3,1711946441.833,-0.1015625,1.453125,1.150000E+02,0.000000E+00
42,4,1711946441.833,-0.296875,2.625,5.850000E+01,1.945312E+00
42,5,1711946441.833,-2.0390625,1.671875,5.310000E+01,-8.132812E+00
42,6,1711946441.833,2.2109375,1.4375,5.030000E+01,-6.507812E+00
42,7,1711946441.833,-2.09375,1.2578125,5.310000E+01,-3.578125E+00
42,8,1711946441.833,0.796875,2.515625,1.027000E+02,0.000000E+00
42,9,1711946441.833,0.3359375,1.4140625,1.062000E+02,0.000000E+00
42,10,1711946441.833,1.609375,2.09375,5.380000E+01,1.945312E+00
42,11,1711946441.833,0.25,2.6328125,5.160000E+01,-8.132812E+00
42,12,1711946441.833,-0.8046875,2.515625,4.990000E+01,-6.507812E+00
42,13,1711946441.833,1.4140625,3.5546875,5.670000E+01,-5.531250E+00
42,14,1711946441.833,-0.0546875,2.4453125,5.210000E+01,-3.578125E+00
42,15,1711946441.833,0.7421875,5.953125,6.030000E+01,9.109375E+00
42,16,1711946441.833,-0.4609375,3.796875,5.790000E+01,1.008594E+01
42,17,1711946441.833,0.6640625,5.171875,6.040000E+01,-9.109375E+00
42,18,1711946441.833,0.25,3.625,5.860000E+01,-5.203125E+00
42,19,1711946441.833,-1.03125,5.9140625,5.710000E+01,9.109375E+00
42,20,1711946441.833,0.0625,3.4296875,5.410000E+01,-4.226562E+00
42,21,1711946441.833,-0.3046875,10.5390625,6.080000E+01,9.757812E+00
42,22,1711946441.833,0.359375,15.484375,6.060000E+01,-6.179688E+00
42,23,1711946441.833,-0.1953125,18.4609375,5.890000E+01,-5.851562E+00
42,24,1711946441.833,0.3828125,14.6953125,5.930000E+01,-6.484375E-01
42,25,1711946441.833,-0.0703125,24.78125,7.630000E+01,0.000000E+00
42,26,1711946441.833,-0.5078125,23.7890625,6.200000E+01,0.000000E+00
42,27,1711946441.833,-0.4453125,8.359375,5.910000E+01,-8.460938E+00
43,1,1711946441.970,1.3125,2.296875,1.032000E+02,0.000000E+00
43,2,1711946441.970,-0.7109375,1.921875,1.121000E+02,0.000000E+00
43,3,1711946441.970,-0.1015625,1.453125,1.151000E+02,0.000000E+00
43,4,1711946441.970,-6.4609375,3.5625,6.390000E+01,2.921875E+00
43,5,1711946441.970,-0.3359375,2.421875,5.530000E+01,2.921875E+00
43,6,1711946441.970,2.171875,1.5,5.440000E+01,6.507812E+00
43,7,1711946441.970,-2.359375,9.875,5.950000E+01,-8.781250E+00
43,8,1711946441.970,3.5078125,8.6796875,6.160000E+01,-8.781250E+00
43,9,1711946441.970,0.3828125,2.4140625,5.560000E+01,-8.781250E+00
43,10,1711946441.970,2.3203125,1.9609375,5.620000E+01,-3.578125E+00
43,11,1711946441.970,0.7890625,2.5234375,1.027000E+02,0.000000E+00
43,12,1711946441.970,1.28125,1.6015625,1.048000E+02,0.000000E+00
43,13,1711946441.970,0.3359375,1.4140625,1.062000E+02,0.000000E+00
43,14,1711946441.970,-0.9453125,2.2578125,5.370000E+01,2.921875E+00
43,15,1711946441.970,-1.2109375,2.34375,5.310000E+01,6.507812E+00
43,16,1711946441.970,0.6640625,10.1328125,5.920000E+01,-8.781250E+00
43,17,1711946441.970,-0.8828125,2.28125,5.500000E+01,-8.781250E+00
43,18,1711946441.970,-2.4375,1.8125,5.350000E+01,-3.578125E+00
43,19,1711946441.970,0.1640625,3.2265625,5.780000E+01,5.203125E+00
43,20,1711946441.970,0.4140625,3.0078125,5.530000E+01,-6.179688E+00
43,21,1711946441.970,-0.1796875,3.2265625,5.710000E+01,-5.531250E+00
43,22,1711946441.970,-0.5859375,20.4296875,5.990000E+01,4.554688E+00
43,23,1711946441.970,-0.0625,19.4453125,6.220000E+01,-4.226562E+00
43,24,1711946441.970,-0.0703125,24.78125,7.630000E+01,0.000000E+00
43,25,1711946441.970,0.1875,22.8046875,5.360000E+01,-9.437500E+00
44,1,1711946442.100,1.3125,2.2890625,1.032000E+02,0.000000E+00
44,2,1711946442.100,-0.71875,1.9140625,1.120000E+02,0.000000E+00
44,3,1711946442.100,-0.1015625,1.453125,1.151000E+02,0.000000E+00
44,4,1711946442.100,1.4609375,1.9609375,5.740000E+01,1.945312E+00
44,5,1711946442.100,1.1171875,2.171875,5.650000E+01,3.250000E+00
44,6,1711946442.100,-2.0,2.546875,5.480000E+01,7.484375E+00
44,7,1711946442.100,1.3984375,2.2421875,5.410000E+01,9.437500E+00
44,8,1711946442.100,-4.4375,8.6875,6.430000E+01,9.757812E+00
44,9,1711946442.100,-1.1171875,8.703125,6.110000E+01,-9.437500E+00
44,10,1711946442.100,-1.625,2.328125,5.980000E+01,-9.437500E+00
44,11,1711946442.100,0.09375,2.4453125,5.430000E+01,-3.898438E+00
44,12,1711946442.100,-1.859375,2.40625,5.710000E+01,-2.601562E+00
44,13,1711946442.100,0.78125,2.5234375,1.026000E+02,0.000000E+00
44,14,1711946442.100,1.2734375,1.6015625,1.050000E+02,0.000000E+00
44,15,1711946442.100,0.3359375,1.4140625,1.061000E+02,0.000000E+00
44,16,1711946442.100,-1.5390625,1.8984375,5.320000E+01,1.945312E+00
44,17,1711946442.100,-2.0859375,1.2734375,5.300000E+01,3.250000E+00
44,18,1711946442.100,2.0234375,2.265625,5.330000E+01,3.898438E+00
44,19,1711946442.100,-1.7734375,1.9609375,5.310000E+01,9.437500E+00
44,20,1711946442.100,2.0625,8.53125,5.550000E+01,-9.437500E+00
44,21,1711946442.100,1.3203125,2.0546875,5.280000E+01,-3.898438E+00
44,22,1711946442.100,0.171875,3.828125,5.620000E+01,-8.781250E+00
44,23,1711946442.100,0.578125,4.1875,5.850000E+01,-3.898438E+00
44,24,1711946442.100,0.265625,4.4140625,5.770000E+01,-2.921875E+00
44,25,1711946442.100,-0.4140625,4.203125,5.780000E+01,-3.898438E+00
44,26,1711946442.100,-0.3125,16.28125,6.030000E+01,9.687500E-01
44,27,1711946442.100,-0.5390625,21.4140625,5.830000E+01,8.781250E+00
44,28,1711946442.100,0.171875,15.6875,6.070000E+01,-2.921875E+00
44,29,1711946442.100,-0.0703125,24.78125,7.640000E+01,0.000000E+00
45,1,1711946442.260,1.3125,2.2890625,1.032000E+02,0.000000E+00
45,2,1711946442.260,-0.71875,1.9140625,1.120000E+02,0.000000E+00
45,3,1711946442.260,-0.1015625,1.453125,1.151000E+02,0.000000E+00
45,4,1711946442.260,-0.6875,2.34375,5.620000E+01,1.945312E+00
45,5,1711946442.260,-0.0859375,2.8359375,5.540000E+01,2.273438E+00
45,6,1711946442.260,-1.125,2.390625,5.400000E+01,4.226562E+00
45,7,1711946442.260,2.03125,3.703125,6.160000E+01,9.109375E+00
45,8,1711946442.260,1.765625,1.6875,5.540000E+01,-1.008594E+01
45,9,1711946442.260,1.4375,2.8984375,5.540000E+01,-9.437500E+00
45,10,1711946442.260,-1.0703125,2.84375,5.650000E+01,-6.179688E+00
45,11,1711946442.260,-0.6484375,6.7578125,6.230000E+01,-2.921875E+00
45,12,1711946442.260,0.7734375,2.5234375,1.026000E+02,0.000000E+00
45,13,1711946442.260,1.2734375,1.6015625,1.050000E+02,0.000000E+00
45,14,1711946442.260,0.3359375,1.4140625,1.062000E+02,0.000000E+00
45,15,1711946442.260,-1.3984375,3.1328125,5.380000E+01,1.945312E+00
45,16,1711946442.260,1.578125,1.8671875,5.130000E+01,1.945312E+00
45,17,1711946442.260,1.09375,2.6171875,5.520000E+01,2.273438E+00
45,18,1711946442.260,0.546875,2.5859375,5.330000E+01,4.226562E+00
45,19,1711946442.260,-1.703125,1.75,5.310000E+01,-1.008594E+01
45,20,1711946442.260,-1.5234375,2.8515625,5.170000E+01,-9.437500E+00
45,21,1711946442.260,-2.1640625,2.1328125,5.270000E+01,-6.179688E+00
45,22,1711946442.260,1.7734375,6.5546875,5.560000E+01,-2.921875E+00
45,23,1711946442.260,-0.2265625,3.421875,5.780000E+01,2.273438E+00
45,24,1711946442.260,-0.125,3.234375,5.610000E+01,4.554688E+00
45,25,1711946442.260,0.0546875,3.4296875,5.690000E+01,8.132812E+00
45,26,1711946442.260,0.4453125,4.203125,6.140000E+01,-1.041406E+01
45,27,1711946442.260,0.5,4.9921875,5.980000E+01,-6.828125E+00
45,28,1711946442.260,0.34375,3.4140625,5.870000E+01,-4.226562E+00
45,29,1711946442.260,-0.21875,3.2265625,6.040000E+01,-1.945312E+00
45,30,1711946442.260,-0.671875,4.96875,5.890000E+01,-6.828125E+00
45,31,1711946442.260,0.84375,21.2109375,6.040000E+01,6.484375E-01
45,32,1711946442.260,-0.375,22.4140625,6.000000E+01,1.296875E+00
45,33,1711946442.260,0.3046875,12.5234375,5.840000E+01,6.828125E+00
45,34,1711946442.260,-0.3125,14.109375,5.820000E+01,-6.828125E+00
45,35,1711946442.260,0.359375,18.4609375,5.830000E+01,-3.578125E+00
45,36,1711946442.260,-0.0703125,24.78125,7.640000E+01,0.000000E+00
45,37,1711946442.260,-0.3359375,23.796875,6.080000E+01,0.000000E+00
46,1,1711946442.465,1.3125,2.2890625,1.032000E+02,0.000000E+00
46,2,1711946442.465,-0.71875,1.9140625,1.120000E+02,0.000000E+00
46,3,1711946442.465,-0.1015625,1.453125,1.151000E+02,0.000000E+00
46,4,1711946442.465,2.0390625,1.3515625,5.390000E+01,7.804688E+00
46,5,1711946442.465,1.53125,2.8515625,5.660000E+01,8.132812E+00
46,6,1711946442.465,-13.9765625,5.1640625,6.350000E+01,-8.132812E+00
46,7,1711946442.465,2.0234375,1.375,5.530000E+01,-5.203125E+00
46,8,1711946442.465,2.296875,0.8515625,5.420000E+01,-4.554688E+00
46,9,1711946442.465,0.7890625,2.5234375,1.027000E+02,0.000000E+00
46,10,1711946442.465,1.28125,1.6015625,1.049000E+02,0.000000E+00
46,11,1711946442.465,0.3359375,1.4140625,1.062000E+02,0.000000E+00
46,12,1711946442.465,-1.8671875,2.640625,5.240000E+01,8.132812E+00
46,13,1711946442.465,-1.515625,1.921875,5.520000E+01,-5.203125E+00
46,14,1711946442.465,1.7421875,1.71875,5.410000E+01,-4.554688E+00
46,15,1711946442.465,0.15625,3.03125,5.480000E+01,3.250000E+00
46,16,1711946442.465,-0.2109375,5.6015625,6.270000E+01,5.203125E+00
46,17,1711946442.465,0.3125,3.6171875,5.290000E+01,-6.828125E+00
46,18,1711946442.465,-1.1953125,22.7734375,5.740000E+01,4.554688E+00
46,19,1711946442.465,-0.84375,16.65625,5.880000E+01,5.203125E+00
46,20,1711946442.465,0.09375,17.2734375,6.180000E+01,6.179688E+00
46,21,1711946442.465,0.0546875,15.09375,5.800000E+01,9.109375E+00
46,22,1711946442.465,-1.0625,19.8125,6.120000E+01,-2.273438E+00
46,23,1711946442.465,0.9140625,22.7890625,5.650000E+01,-1.625000E+00
47,1,1711946442.619,1.3125,2.2890625,1.034000E+02,0.000000E+00
47,2,1711946442.619,-0.71875,1.9140625,1.121000E+02,0.000000E+00
47,3,1711946442.619,-0.1015625,1.453125,1.151000E+02,0.000000E+00
47,4,1711946442.619,-1.546875,7.625,6.130000E+01,1.296875E+00
47,5,1711946442.619,1.40625,2.0,5.420000E+01,1.296875E+00
47,6,1711946442.619,-2.4296875,9.6484375,6.360000E+01,5.531250E+00
47,7,1711946442.619,-1.8046875,3.375,5.610000E+01,7.804688E+00
47,8,1711946442.619,-0.8515625,3.53125,5.750000E+01,8.132812E+00
47,9,1711946442.619,-0.6953125,2.546875,5.750000E+01,8.132812E+00
47,10,1711946442.619,-1.4921875,2.6484375,5.970000E+01,-3.578125E+00
47,11,1711946442.619,-4.296875,1.6953125,6.200000E+01,-1.945312E+00
47,12,1711946442.619,-1.546875,2.375,5.640000E+01,-1.945312E+00
47,13,1711946442.619,0.7734375,2.5234375,1.029000E+02,0.000000E+00
47,14,1711946442.619,1.28125,1.59375,1.051000E+02,0.000000E+00
47,15,1711946442.619,0.3359375,1.4140625,1.061000E+02,0.000000E+00
47,16,1711946442.619,2.890625,7.2265625,6.000000E+01,1.296875E+00
47,17,1711946442.619,-1.75,1.7109375,5.240000E+01,1.296875E+00
47,18,1711946442.619,1.4921875,9.84375,5.950000E+01,5.531250E+00
47,19,1711946442.619,-3.234375,2.0390625,5.550000E+01,7.804688E+00
47,20,1711946442.619,1.0859375,3.46875,5.630000E+01,8.132812E+00
47,21,1711946442.619,0.734375,2.5390625,5.130000E+01,8.132812E+00
47,22,1711946442.619,1.140625,2.8203125,5.440000E+01,-7.156250E+00
47,23,1711946442.619,1.5234375,2.6328125,5.240000E+01,-3.578125E+00
47,24,1711946442.619,-0.3984375,2.8046875,5.390000E+01,-1.945312E+00
47,25,1711946442.619,-0.0234375,3.0390625,5.800000E+01,4.226562E+00
47,26,1711946442.619,-0.4375,4.0,5.620000E+01,6.828125E+00
47,27,1711946442.619,-0.25,3.625,5.590000E+01,6.828125E+00
47,28,1711946442.619,0.28125,3.21875,5.700000E+01,9.437500E+00
47,29,1711946442.619,0.671875,20.2265625,5.880000E+01,9.687500E-01
47,30,1711946442.619,-0.1015625,15.4921875,5.750000E+01,2.273438E+00
47,31,1711946442.619,0.2109375,14.703125,5.850000E+01,2.273438E+00
47,32,1711946442.619,-0.15625,21.421875,6.060000E+01,3.578125E+00
47,33,1711946442.619,1.296875,22.765625,5.710000E+01,5.851562E+00
47,34,1711946442.619,0.3125,15.296875,5.890000E+01,7.804688E+00
47,35,1711946442.619,0.21875,8.96875,6.010000E+01,-8.460938E+00
47,36,1711946442.619,0.09375,8.1796875,6.180000E+01,-7.156250E+00
47,37,1711946442.619,-0.7890625,13.296875,5.880000E+01,-3.898438E+00
47,38,1711946442.619,-0.078125,24.78125,7.640000E+01,0.000000E+00
47,39,1711946442.619,0.28125,17.8671875,5.610000E+01,-1.041406E+01
47,40,1711946442.619,-0.6953125,16.6640625,5.840000E+01,-5.203125E+00
48,1,1711946442.863,1.3125,2.2890625,1.032000E+02,0.000000E+00
48,2,1711946442.863,-0.71875,1.9140625,1.120000E+02,0.000000E+00
48,3,1711946442.863,-0.1015625,1.453125,1.151000E+02,0.000000E+00
48,4,1711946442.863,-0.921875,6.1328125,6.010000E+01,1.296875E+00
48,5,1711946442.863,2.03125,1.9765625,5.790000E+01,1.296875E+00
48,6,1711946442.863,0.671875,3.1640625,5.770000E+01,1.945312E+00
48,7,1711946442.863,0.2734375,2.625,5.430000E+01,-4.875000E+00
48,8,1711946442.863,-2.4609375,6.1171875,6.060000E+01,-3.578125E+00
48,9,1711946442.863,-2.5625,1.2109375,5.200000E+01,-3.250000E+00
48,10,1711946442.863,1.8046875,1.6484375,5.480000E+01,-2.273438E+00
48,11,1711946442.863,0.78125,2.5234375,1.027000E+02,0.000000E+00
48,12,1711946442.863,1.28125,1.59375,1.052000E+02,0.000000E+00
48,13,1711946442.863,0.3359375,1.4140625,1.062000E+02,0.000000E+00
48,14,1711946442.863,-1.9375,5.890625,5.920000E+01,1.296875E+00
48,15,1711946442.863,-1.359375,2.4921875,5.290000E+01,1.296875E+00
48,16,1711946442.863,-1.140625,3.03125,5.690000E+01,1.945312E+00
48,17,1711946442.863,2.4453125,0.9921875,5.030000E+01,-4.875000E+00
48,18,1711946442.863,1.71875,2.2578125,5.160000E+01,-3.250000E+00
48,19,1711946442.863,-2.1640625,1.140625,5.280000E+01,-2.273438E+00
48,20,1711946442.863,-0.2265625,5.3984375,6.070000E+01,3.250000E+00
48,21,1711946442.863,-0.03125,4.0234375,5.830000E+01,4.226562E+00
48,22,1711946442.863,-0.0859375,3.0390625,5.490000E+01,-4.554688E+00
48,23,1711946442.863,0.078125,3.0390625,5.490000E+01,1.296875E+00
48,24,1711946442.863,0.578125,10.9296875,5.830000E+01,1.945312E+00
48,25,1711946442.863,-0.1953125,13.7109375,6.070000E+01,6.507812E+00
48,26,1711946442.863,-0.03125,14.3046875,6.110000E+01,6.828125E+00
48,27,1711946442.863,0.0390625,11.34375,5.920000E+01,1.008594E+01
48,28,1711946442.863,0.015625,21.8203125,5.840000E+01,-1.041406E+01
48,29,1711946442.863,-0.7265625,20.21875,6.300000E+01,-2.921875E+00
48,30,1711946442.863,0.53125,14.890625,6.280000E+01,-2.273438E+00
48,31,1711946442.863,-0.1015625,11.140625,5.940000E+01,-2.273438E+00
48,32,1711946442.863,-0.078125,24.78125,7.630000E+01,0.000000E+00
48,33,1711946442.863,-0.3984375,23.796875,6.210000E+01,0.000000E+00
48,34,1711946442.863,0.2265625,21.421875,5.680000E+01,4.875000E+00
49,1,1711946443.068,1.3046875,2.296875,1.032000E+02,0.000000E+00
49,2,1711946443.068,-0.71875,1.9140625,1.121000E+02,0.000000E+00
49,3,1711946443.068,-0.1015625,1.453125,1.150000E+02,0.000000E+00
49,4,1711946443.068,-1.65625,2.546875,5.640000E+01,1.625000E+00
49,5,1711946443.068,0.8515625,2.2890625,5.510000E+01,1.625000E+00
49,6,1711946443.068,1.640625,1.8125,5.240000E+01,7.484375E+00
49,7,1711946443.068,-0.6953125,2.546875,5.300000E+01,-9.437500E+00
49,8,1711946443.068,0.140625,2.4375,5.490000E+01,-7.156250E+00
49,9,1711946443.068,-1.7890625,1.6640625,5.630000E+01,-6.179688E+00
49,10,1711946443.068,1.03125,2.21875,5.410000E+01,-3.578125E+00
49,11,1711946443.068,0.59375,2.984375,5.480000E+01,-1.625000E+00
49,12,1711946443.068,0.796875,2.515625,1.027000E+02,0.000000E+00
49,13,1711946443.068,1.28125,1.59375,1.050000E+02,0.000000E+00
49,14,1711946443.068,0.3359375,1.4140625,1.062000E+02,0.000000E+00
49,15,1711946443.068,2.6875,1.421875,5.490000E+01,1.625000E+00
49,16,1711946443.068,1.703125,1.7578125,5.450000E+01,1.625000E+00
49,17,1711946443.068,-0.375,2.4140625,5.100000E+01,7.484375E+00
49,18,1711946443.068,-1.0546875,2.421875,5.250000E+01,-9.437500E+00
49,19,1711946443.068,2.28125,0.875,4.940000E+01,-7.156250E+00
49,20,1711946443.068,-0.03125,2.4453125,5.440000E+01,-6.179688E+00
49,21,1711946443.068,-1.0390625,2.2109375,5.330000E+01,-3.578125E+00
49,22,1711946443.068,-0.84375,2.921875,5.410000E+01,-1.625000E+00
49,23,1711946443.068,-0.546875,5.78125,6.100000E+01,1.296875E+00
49,24,1711946443.068,0.109375,3.0390625,5.460000E+01,-5.203125E+00
49,25,1711946443.068,-0.03125,3.4296875,5.270000E+01,-2.273438E+00
49,26,1711946443.068,-0.3828125,9.75,6.260000E+01,7.156250E+00
49,27,1711946443.068,0.5234375,22.796875,5.880000E+01,7.484375E+00
49,28,1711946443.068,-0.2890625,19.25,5.910000E+01,9.109375E+00
49,29,1711946443.068,0.109375,22.8046875,5.820000E+01,9.437500E+00
49,30,1711946443.068,-0.078125,24.78125,7.640000E+01,0.000000E+00
50,1,1711946443.255,0.8125,2.515625,1.027000E+02,0.000000E+00
50,2,1711946443.255,-0.7109375,1.921875,1.125000E+02,0.000000E+00
50,3,1711946443.255,-0.1015625,1.453125,1.150000E+02,0.000000E+00
50,4,1711946443.255,0.8359375,2.5078125,5.380000E+01,3.578125E+00
50,5,1711946443.255,-1.40625,2.234375,5.610000E+01,7.156250E+00
50,6,1711946443.255,-1.3203125,2.2890625,5.290000E+01,-7.804688E+00
50,7,1711946443.255,-0.4921875,2.59375,5.200000E+01,-6.179688E+00
50,8,1711946443.255,0.921875,2.8984375,5.540000E+01,-3.578125E+00
50,9,1711946443.255,-1.96875,1.4453125,5.290000E+01,-2.921875E+00
50,10,1711946443.255,-2.6953125,1.40625,5.910000E+01,-1.296875E+00
50,11,1711946443.255,-2.265625,1.3515625,1.006000E+02,0.000000E+00
50,12,1711946443.255,0.3359375,1.4140625,1.065000E+02,0.000000E+00
50,13,1711946443.255,-2.328125,1.25,5.330000E+01,3.578125E+00
50,14,1711946443.255,0.6796875,2.5546875,5.350000E+01,7.156250E+00
50,15,1711946443.255,1.0625,2.4140625,5.240000E+01,-7.804688E+00
50,16,1711946443.255,-0.65625,2.5546875,5.480000E+01,-5.203125E+00
50,17,1711946443.255,-1.984375,2.3046875,5.510000E+01,-3.578125E+00
50,18,1711946443.255,0.8671875,2.2890625,5.230000E+01,-2.921875E+00
50,19,1711946443.255,0.7265625,2.953125,5.070000E+01,-1.296875E+00
50,20,1711946443.255,-0.109375,5.609375,5.670000E+01,8.132812E+00
50,21,1711946443.255,-0.46875,22.796875,6.070000E+01,7.484375E+00
50,22,1711946443.255,0.703125,16.4609375,6.280000E+01,-6.507812E+00
50,23,1711946443.255,0.6875,15.875,5.980000E+01,-6.179688E+00
50,24,1711946443.255,0.0546875,22.8046875,5.910000E+01,-5.531250E+00
50,25,1711946443.255,-0.1796875,18.4609375,5.860000E+01,-9.687500E-01
50,26,1711946443.255,-0.078125,24.78125,7.630000E+01,0.000000E+00
50,27,1711946443.255,-0.0546875,23.796875,6.170000E+01,0.000000E+00
50,28,1711946443.255,-0.515625,8.5546875,5.710000E+01,8.460938E+00
50,29,1711946443.255,-0.4921875,22.203125,5.780000E+01,9.109375E+00
50,30,1711946443.255,0.515625,14.4921875,5.680000E+01,9.109375E+00
51,1,1711946443.447,-0.703125,1.921875,1.140000E+02,0.000000E+00
51,2,1711946443.447,-0.1015625,1.453125,1.148000E+02,0.000000E+00
51,3,1711946443.447,2.53125,2.609375,5.710000E+01,5.531250E+00
51,4,1711946443.447,0.1171875,2.4453125,5.440000E+01,5.531250E+00
51,5,1711946443.447,-2.734375,1.328125,5.460000E+01,-6.179688E+00
51,6,1711946443.447,0.7109375,2.546875,5.670000E+01,-5.851562E+00
51,7,1711946443.447,-1.015625,2.4375,5.690000E+01,-1.945312E+00
51,8,1711946443.447,0.03125,2.046875,1.086000E+02,0.000000E+00
51,9,1711946443.447,0.34375,1.4140625,1.075000E+02,0.000000E+00
51,10,1711946443.447,-2.1953125,2.890625,5.300000E+01,5.531250E+00
51,11,1711946443.447,1.7421875,1.71875,5.350000E+01,5.531250E+00
51,12,1711946443.447,2.6171875,2.21875,5.470000E+01,-9.109375E+00
51,13,1711946443.447,-2.3046875,1.28125,5.570000E+01,-5.851562E+00
51,14,1711946443.447,-0.4609375,2.6015625,5.640000E+01,-1.945312E+00
51,15,1711946443.447,-0.0234375,3.0390625,5.570000E+01,3.578125E+00
51,16,1711946443.447,-0.7890625,5.75,5.820000E+01,4.554688E+00
51,17,1711946443.447,-0.7578125,13.6875,6.200000E+01,3.578125E+00
51,18,1711946443.447,0.2265625,16.6796875,5.940000E+01,-8.460938E+00
51,19,1711946443.447,0.8828125,17.25,5.840000E+01,-8.132812E+00
51,20,1711946443.447,-0.53125,23.7890625,6.110000E+01,0.000000E+00
52,1,1711946443.584,7.71875,10.609375,8.190000E+01,0.000000E+00
52,2,1711946443.584,4.7421875,4.859375,1.001000E+02,0.000000E+00
52,3,1711946443.584,-0.7109375,1.921875,1.144000E+02,0.000000E+00
52,4,1711946443.584,-0.0859375,1.453125,1.139000E+02,0.000000E+00
52,5,1711946443.584,1.6875,2.5234375,5.460000E+01,1.296875E+00
52,6,1711946443.584,0.328125,2.421875,5.730000E+01,4.554688E+00
52,7,1711946443.584,-2.625,1.890625,5.850000E+01,8.781250E+00
52,8,1711946443.584,-2.1171875,1.5703125,5.700000E+01,8.781250E+00
52,9,1711946443.584,-0.234375,2.4375,5.260000E+01,-4.226562E+00
52,10,1711946443.584,0.0078125,2.046875,1.101000E+02,0.000000E+00
52,11,1711946443.584,0.4140625,1.390625,1.081000E+02,0.000000E+00
52,12,1711946443.584,2.0078125,2.5390625,5.700000E+01,8.781250E+00
52,13,1711946443.584,-0.1015625,2.640625,5.170000E+01,8.781250E+00
52,14,1711946443.584,2.0390625,1.34375,5.240000E+01,-4.226562E+00
52,15,1711946443.584,-0.5546875,4.3828125,5.940000E+01,8.781250E+00
52,16,1711946443.584,-0.0234375,5.8046875,6.190000E+01,-8.132812E+00
52,17,1711946443.584,-0.03125,3.234375,5.830000E+01,-6.179688E+00
52,18,1711946443.584,0.1796875,4.421875,6.200000E+01,-9.757812E+00
52,19,1711946443.584,0.2421875,4.015625,5.370000E+01,-3.250000E+00
52,20,1711946443.584,0.53125,20.03125,6.270000E+01,0.000000E+00
52,21,1711946443.584,-0.1171875,8.96875,5.860000E+01,5.531250E+00
52,22,1711946443.584,0.328125,22.8046875,5.970000E+01,-9.757812E+00
52,23,1711946443.584,0.0546875,6.59375,6.220000E+01,-6.828125E+00
52,24,1711946443.584,0.0390625,18.65625,6.140000E+01,-4.875000E+00
52,25,1711946443.584,0.46875,22.0078125,5.980000E+01,-4.554688E+00
53,1,1711946443.772,4.8359375,4.7578125,1.001000E+02,0.000000E+00
53,2,1711946443.772,-0.7109375,1.921875,1.146000E+02,0.000000E+00
53,3,1711946443.772,-0.0859375,1.453125,1.137000E+02,0.000000E+00
53,4,1711946443.772,0.0,2.8359375,5.530000E+01,1.625000E+00
53,5,1711946443.772,1.8125,2.4375,5.610000E+01,1.945312E+00
53,6,1711946443.772,-1.0546875,2.203125,5.510000E+01,3.898438E+00
53,7,1711946443.772,-1.3359375,2.046875,5.610000E+01,5.203125E+00
53,8,1711946443.772,-2.1328125,1.875,5.630000E+01,9.437500E+00
53,9,1711946443.772,-1.5546875,2.1328125,5.360000E+01,-1.008594E+01
53,10,1711946443.772,0.5,2.7890625,5.660000E+01,-5.203125E+00
53,11,1711946443.772,0.015625,2.046875,1.088000E+02,0.000000E+00
53,12,1711946443.772,0.4375,1.3828125,1.080000E+02,0.000000E+00
53,13,1711946443.772,-1.8828125,2.3828125,5.370000E+01,1.945312E+00
53,14,1711946443.772,0.1171875,2.4453125,5.330000E+01,3.898438E+00
53,15,1711946443.772,2.2734375,0.8984375,4.950000E+01,5.203125E+00
53,16,1711946443.772,-0.984375,2.65625,5.360000E+01,9.437500E+00
53,17,1711946443.772,-0.1171875,2.640625,5.270000E+01,-1.008594E+01
53,18,1711946443.772,36.40625,172.9375,5.632000E+02,4.453125E-01
53,19,1711946443.772,4.828125,4.7734375,1.008000E+02,0.000000E+00
53,20,1711946443.772,-0.7109375,1.921875,1.153000E+02,0.000000E+00
53,21,1711946443.772,-0.109375,1.4453125,1.125000E+02,0.000000E+00
53,22,1711946443.772,2.9296875,1.3671875,5.750000E+01,1.945312E+00
53,23,1711946443.772,0.2421875,2.6328125,5.740000E+01,1.945312E+00
53,24,1711946443.772,-2.4140625,1.8515625,5.760000E+01,4.226562E+00
53,25,1711946443.772,0.9375,2.6796875,5.610000E+01,-8.460938E+00
53,26,1711946443.772,-0.9453125,2.46875,5.950000E+01,-4.554688E+00
53,27,1711946443.772,1.234375,2.5546875,5.730000E+01,-1.945312E+00
59,1,1711946443.960,4.78125,4.8203125,1.008000E+02,0.000000E+00
59,2,1711946443.960,1.0390625,2.4296875,1.035000E+02,0.000000E+00
59,3,1711946443.960,-0.7109375,1.921875,1.154000E+02,0.000000E+00
59,4,1711946443.960,-0.1015625,1.453125,1.120000E+02,0.000000E+00
59,5,1711946443.960,-0.4765625,2.59375,5.580000E+01,1.945312E+00
59,6,1711946443.960,2.46875,1.7734375,5.870000E+01,1.008594E+01
59,7,1711946443.960,-2.296875,1.296875,5.660000E+01,-4.875000E+00
59,8,1711946443.960,-1.46875,2.4296875,5.370000E+01,-3.578125E+00
59,9,1711946443.960,-2.140625,1.546875,1.032000E+02,0.000000E+00
59,10,1711946443.960,0.875,1.8515625,1.075000E+02,0.000000E+00
59,11,1711946443.960,0.4140625,1.390625,1.080000E+02,0.000000E+00
59,12,1711946443.960,0.21875,2.6328125,5.200000E+01,1.945312E+00
59,13,1711946443.960,-1.1015625,2.8359375,5.400000E+01,1.008594E+01
59,14,1711946443.960,0.9140625,2.4765625,5.260000E+01,-4.875000E+00
59,15,1711946443.960,-0.4921875,2.796875,5.340000E+01,-3.578125E+00
59,16,1711946443.960,0.484375,4.3984375,5.760000E+01,-8.460938E+00
59,17,1711946443.960,-0.3203125,9.15625,5.970000E+01,4.554688E+00
59,18,1711946443.960,1.328125,22.765625,5.650000E+01,4.875000E+00
59,19,1711946443.960,-0.7578125,22.7890625,5.870000E+01,1.008594E+01
59,20,1711946443.960,-0.359375,13.703125,5.900000E+01,-2.921875E+00
59,21,1711946443.960,-0.0859375,24.78125,7.640000E+01,0.000000E+00
59,22,1711946443.960,-0.0625,20.828125,5.710000E+01,-5.851562E+00
59,23,1711946443.960,0.59375,21.015625,5.850000E+01,-5.531250E+00
60,1,1711946444.114,4.78125,4.8203125,1.006000E+02,0.000000E+00
60,2,1711946444.114,-0.7109375,1.921875,1.152000E+02,0.000000E+00
60,3,1711946444.114,-0.09375,1.453125,1.121000E+02,0.000000E+00
60,4,1711946444.114,3.6796875,1.6328125,5.770000E+01,3.250000E+00
60,5,1711946444.114,-2.5078125,1.71875,5.560000E+01,7.804688E+00
60,6,1711946444.114,0.96875,2.6640625,5.640000E+01,-5.203125E+00
60,7,1711946444.114,-4.390625,14.4375,6.220000E+01,-4.875000E+00
60,8,1711946444.114,7.9921875,8.0546875,6.310000E+01,-2.273438E+00
60,9,1711946444.114,-2.953125,2.734375,5.630000E+01,-1.945312E+00
60,10,1711946444.114,0.8125,1.875,1.075000E+02,0.000000E+00
60,11,1711946444.114,0.421875,1.390625,1.084000E+02,0.000000E+00
60,12,1711946444.114,-3.4296875,2.109375,5.150000E+01,3.250000E+00
60,13,1711946444.114,-2.4453125,1.4375,5.470000E+01,-5.203125E+00
60,14,1711946444.114,-0.9765625,3.0859375,5.700000E+01,-3.578125E+00
60,15,1711946444.114,2.21875,2.078125,5.740000E+01,-1.296875E+00
60,16,1711946444.114,0.1171875,3.234375,5.810000E+01,-3.898438E+00
60,17,1711946444.114,0.1484375,3.0390625,5.850000E+01,-3.578125E+00
60,18,1711946444.114,-0.1484375,12.5234375,5.880000E+01,5.203125E+00
60,19,1711946444.114,-0.1640625,12.328125,6.070000E+01,5.531250E+00
60,20,1711946444.114,-0.1171875,22.8046875,5.660000E+01,6.828125E+00
60,21,1711946444.114,1.265625,22.7734375,5.760000E+01,-1.008594E+01
60,22,1711946444.114,-0.4765625,14.1015625,6.200000E+01,-7.156250E+00
60,23,1711946444.114,1.328125,22.765625,6.000000E+01,-5.851562E+00
60,24,1711946444.114,-0.421875,7.3671875,6.110000E+01,-3.578125E+00
60,25,1711946444.114,-0.890625,16.453125,6.250000E+01,-2.921875E+00
60,26,1711946444.114,-0.078125,24.78125,7.620000E+01,0.000000E+00
61,1,1711946444.288,4.765625,4.8359375,1.004000E+02,0.000000E+00
61,2,1711946444.288,-0.796875,2.09375,1.133000E+02,0.000000E+00
61,3,1711946444.288,-0.09375,1.453125,1.120000E+02,0.000000E+00
61,4,1711946444.288,1.09375,2.8359375,5.700000E+01,1.625000E+00
61,5,1711946444.288,0.0,2.8359375,5.530000E+01,6.828125E+00
61,6,1711946444.288,0.484375,2.3984375,5.710000E+01,6.828125E+00
61,7,1711946444.288,2.015625,1.9921875,5.800000E+01,7.484375E+00
61,8,1711946444.288,0.7109375,2.953125,5.700000E+01,-1.296875E+00
61,9,1711946444.288,-0.921875,2.265625,5.220000E+01,-1.296875E+00
61,10,1711946444.288,1.4609375,1.6953125,1.085000E+02,0.000000E+00
61,11,1711946444.288,0.4140625,1.390625,1.087000E+02,0.000000E+00
61,12,1711946444.288,-2.8046875,1.171875,5.480000E+01,1.625000E+00
61,13,1711946444.288,0.953125,2.671875,5.420000E+01,6.828125E+00
61,14,1711946444.288,-1.9375,1.4921875,5.110000E+01,6.828125E+00
61,15,1711946444.288,1.28125,2.53125,5.550000E+01,7.484375E+00
61,16,1711946444.288,1.8828125,1.5625,5.180000E+01,-1.296875E+00
61,17,1711946444.288,0.2734375,4.609375,5.980000E+01,4.226562E+00
61,18,1711946444.288,0.03125,3.4296875,5.440000E+01,9.437500E+00
61,19,1711946444.288,0.0,3.0390625,5.650000E+01,-1.296875E+00
61,20,1711946444.288,0.25,19.84375,6.130000E+01,2.921875E+00
61,21,1711946444.288,-0.515625,21.21875,5.900000E+01,3.898438E+00
61,22,1711946444.288,0.1484375,7.78125,6.210000E+01,4.554688E+00
61,23,1711946444.288,0.1328125,12.921875,6.190000E+01,6.179688E+00
61,24,1711946444.288,-0.1328125,17.8671875,5.890000E+01,-1.008594E+01
61,25,1711946444.288,0.1953125,8.5703125,5.980000E+01,-5.531250E+00
61,26,1711946444.288,0.296875,22.8046875,5.590000E+01,-5.203125E+00
61,27,1711946444.288,0.953125,21.796875,5.990000E+01,-1.945312E+00
61,28,1711946444.288,-0.09375,24.78125,7.620000E+01,0.000000E+00
61,29,1711946444.288,-0.1484375,22.8046875,5.680000E+01,6.179688E+00
61,30,1711946444.288,-0.703125,15.078125,5.520000E+01,7.804688E+00
61,31,1711946444.288,0.046875,12.921875,5.670000E+01,9.757812E+00
62,1,1711946444.500,4.734375,4.8671875,1.006000E+02,0.000000E+00
62,2,1711946444.500,-0.7109375,1.921875,1.153000E+02,0.000000E+00
62,3,1711946444.500,-0.1015625,1.453125,1.119000E+02,0.000000E+00
62,4,1711946444.500,2.5625,1.9765625,5.840000E+01,3.250000E+00
62,5,1711946444.500,-0.3359375,2.421875,5.270000E+01,7.156250E+00
62,6,1711946444.500,-1.421875,1.9921875,5.550000E+01,-8.781250E+00
62,7,1711946444.500,0.8203125,1.875,1.083000E+02,0.000000E+00
62,8,1711946444.500,0.421875,1.390625,1.084000E+02,0.000000E+00
62,9,1711946444.500,-1.0078125,2.4375,5.270000E+01,1.945312E+00
62,10,1711946444.500,-2.140625,2.4296875,5.400000E+01,3.250000E+00
62,11,1711946444.500,-2.03125,1.359375,4.980000E+01,7.156250E+00
62,12,1711946444.500,1.0625,2.203125,5.430000E+01,-8.781250E+00
62,13,1711946444.500,-0.25,3.03125,5.660000E+01,1.625000E+00
62,14,1711946444.500,0.078125,3.4296875,5.490000E+01,5.531250E+00
62,15,1711946444.500,-0.2578125,3.03125,5.410000E+01,5.531250E+00
62,16,1711946444.500,0.0,3.0390625,5.420000E+01,-1.945312E+00
62,17,1711946444.500,-0.125,6.7890625,5.930000E+01,3.250000E+00
62,18,1711946444.500,-0.921875,21.796875,6.070000E+01,3.898438E+00
62,19,1711946444.500,-0.0625,6.203125,6.310000E+01,3.898438E+00
62,20,1711946444.500,-0.3125,22.015625,6.060000E+01,8.781250E+00
62,21,1711946444.500,-0.0859375,21.8203125,6.030000E+01,9.109375E+00
62,22,1711946444.500,-0.1171875,16.4765625,5.920000E+01,-5.203125E+00
62,23,1711946444.500,-0.5,9.546875,5.980000E+01,-3.578125E+00
62,24,1711946444.500,-0.1015625,24.78125,7.630000E+01,0.000000E+00
63,1,1711946444.669,4.75,4.8515625,1.006000E+02,0.000000E+00
63,2,1711946444.669,-2.1484375,1.5390625,1.036000E+02,0.000000E+00
63,3,1711946444.669,-0.7109375,1.921875,1.153000E+02,0.000000E+00
63,4,1711946444.669,-0.1015625,1.453125,1.119000E+02,0.000000E+00
63,5,1711946444.669,0.0234375,2.640625,5.410000E+01,8.781250E+00
63,6,1711946444.669,0.9921875,2.4453125,1.029000E+02,0.000000E+00
63,7,1711946444.669,0.8359375,1.8671875,1.082000E+02,0.000000E+00
63,8,1711946444.669,0.4140625,1.390625,1.083000E+02,0.000000E+00
63,9,1711946444.669,1.5,2.171875,5.160000E+01,8.781250E+00
63,10,1711946444.669,-0.5859375,20.2265625,6.180000E+01,1.625000E+00
63,11,1711946444.669,0.0703125,11.9296875,6.230000E+01,3.898438E+00
63,12,1711946444.669,-0.7109375,22.796875,5.910000E+01,5.531250E+00
63,13,1711946444.669,0.0234375,12.7265625,6.220000E+01,7.484375E+00
63,14,1711946444.669,-0.5859375,22.796875,5.880000E+01,-9.109375E+00
63,15,1711946444.669,-0.078125,24.78125,7.620000E+01,0.000000E+00
64,1,1711946444.788,4.7421875,4.859375,1.006000E+02,0.000000E+00
64,2,1711946444.788,-0.7109375,1.921875,1.153000E+02,0.000000E+00
64,3,1711946444.788,-0.09375,1.453125,1.119000E+02,0.000000E+00
64,4,1711946444.788,-1.6328125,2.078125,5.520000E+01,1.945312E+00
64,5,1711946444.788,2.15625,2.4140625,5.710000E+01,4.554688E+00
64,6,1711946444.788,-2.15625,2.1484375,5.820000E+01,6.507812E+00
64,7,1711946444.788,1.2265625,2.1171875,5.410000E+01,6.507812E+00
64,8,1711946444.788,0.4765625,2.796875,5.650000E+01,6.828125E+00
64,9,1711946444.788,0.734375,2.328125,5.510000E+01,-9.757812E+00
64,10,1711946444.788,2.21875,1.0234375,5.570000E+01,-9.109375E+00
64,11,1711946444.788,2.2890625,2.28125,5.650000E+01,-8.132812E+00
64,12,1711946444.788,0.8828125,4.9375,6.000000E+01,-5.203125E+00
64,13,1711946444.788,-0.875,2.4921875,5.420000E+01,-5.203125E+00
64,14,1711946444.788,-0.109375,2.8359375,5.270000E+01,-1.945312E+00
64,15,1711946444.788,0.8203125,1.875,1.081000E+02,0.000000E+00
64,16,1711946444.788,0.421875,1.390625,1.084000E+02,0.000000E+00
64,17,1711946444.788,0.328125,2.6171875,5.360000E+01,1.945312E+00
64,18,1711946444.788,1.671875,2.5390625,5.620000E+01,6.507812E+00
64,19,1711946444.788,0.3515625,2.421875,5.190000E+01,6.507812E+00
64,20,1711946444.788,-2.5078125,1.3203125,5.190000E+01,6.828125E+00
64,21,1711946444.788,-0.3046875,2.4296875,5.320000E+01,-9.757812E+00
64,22,1711946444.788,-0.546875,2.3828125,4.810000E+01,-9.109375E+00
64,23,1711946444.788,0.8984375,2.484375,5.370000E+01,-5.203125E+00
64,24,1711946444.788,-2.2109375,1.78125,5.180000E+01,-1.945312E+00
64,25,1711946444.788,0.25,5.796875,6.070000E+01,-9.687500E-01
64,26,1711946444.788,-0.0703125,3.234375,5.690000E+01,4.554688E+00
64,27,1711946444.788,-0.1875,3.8203125,5.560000E+01,-7.804688E+00
64,28,1711946444.788,36.40625,172.9375,8.448000E+02,5.625000E-01
64,29,1711946444.788,4.7109375,4.8828125,1.005000E+02,0.000000E+00
64,30,1711946444.788,-0.796875,2.09375,1.133000E+02,0.000000E+00
64,31,1711946444.788,-0.0859375,1.453125,1.117000E+02,0.000000E+00
64,32,1711946444.788,2.5234375,1.296875,5.640000E+01,1.945312E+00
64,33,1711946444.788,-2.0234375,1.3671875,5.770000E+01,9.109375E+00
64,34,1711946444.788,0.1171875,2.4453125,5.600000E+01,-1.008594E+01
64,35,1711946444.788,-1.6171875,2.8046875,5.510000E+01,-8.460938E+00
64,36,1711946444.788,2.3828125,1.5390625,5.480000E+01,-8.132812E+00
64,37,1711946444.788,1.7265625,2.0,5.790000E+01,-4.875000E+00
74,1,1711946445.054,4.7265625,4.875,1.004000E+02,0.000000E+00
74,2,1711946445.054,-0.796875,2.09375,1.134000E+02,0.000000E+00
74,3,1711946445.054,-0.09375,1.453125,1.120000E+02,0.000000E+00
74,4,1711946445.054,-1.078125,2.625,5.890000E+01,4.554688E+00
74,5,1711946445.054,-0.734375,2.7421875,5.610000E+01,-7.156250E+00
74,6,1711946445.054,0.3984375,2.4140625,5.560000E+01,-1.945312E+00
74,7,1711946445.054,1.453125,1.703125,1.086000E+02,0.000000E+00
74,8,1711946445.054,0.4140625,1.390625,1.088000E+02,0.000000E+00
74,9,1711946445.054,1.1953125,2.5703125,5.140000E+01,4.554688E+00
74,10,1711946445.054,-1.0546875,2.2109375,5.160000E+01,-1.945312E+00
74,11,1711946445.054,0.1796875,5.015625,5.980000E+01,-8.781250E+00
74,12,1711946445.054,0.3125,3.8125,5.650000E+01,-3.898438E+00
74,13,1711946445.054,0.078125,3.234375,5.370000E+01,-9.437500E+00
74,14,1711946445.054,-1.03125,20.8046875,6.150000E+01,1.296875E+00
74,15,1711946445.054,-0.2109375,22.8046875,5.640000E+01,1.625000E+00
74,16,1711946445.054,-0.421875,11.3359375,6.170000E+01,2.921875E+00
74,17,1711946445.054,-0.2890625,10.1484375,6.250000E+01,4.875000E+00
74,18,1711946445.054,-0.046875,7.9765625,5.770000E+01,-1.296875E+00
74,19,1711946445.054,-0.0703125,24.78125,7.640000E+01,0.000000E+00
74,20,1711946445.054,-0.6796875,15.4765625,5.660000E+01,-5.531250E+00
74,21,1711946445.054,-0.40625,20.8203125,5.720000E+01,-1.296875E+00
75,1,1711946445.212,4.734375,4.8671875,1.005000E+02,0.000000E+00
75,2,1711946445.212,-0.796875,2.09375,1.136000E+02,0.000000E+00
75,3,1711946445.212,-0.09375,1.453125,1.120000E+02,0.000000E+00
75,4,1711946445.212,-2.328125,2.5234375,5.690000E+01,1.945312E+00
75,5,1711946445.212,-9.875,6.6875,6.280000E+01,5.851562E+00
75,6,1711946445.212,-2.421875,2.1484375,5.750000E+01,6.507812E+00
75,7,1711946445.212,0.375,2.6171875,5.760000E+01,-8.781250E+00
75,8,1711946445.212,-1.0703125,2.84375,5.620000E+01,-6.828125E+00
75,9,1711946445.212,-0.515625,2.5859375,5.220000E+01,-6.828125E+00
75,10,1711946445.212,-0.6015625,2.3671875,5.200000E+01,-6.507812E+00
75,11,1711946445.212,1.4765625,1.6875,1.081000E+02,0.000000E+00
75,12,1711946445.212,0.421875,1.390625,1.086000E+02,0.000000E+00
75,13,1711946445.212,2.828125,1.9375,5.430000E+01,1.945312E+00
75,14,1711946445.212,-1.1484375,3.0234375,5.300000E+01,6.507812E+00
75,15,1711946445.212,1.65625,2.0625,5.230000E+01,-8.781250E+00
75,16,1711946445.212,2.5546875,1.6484375,5.160000E+01,-6.828125E+00
75,17,1711946445.212,2.34375,1.21875,4.840000E+01,-6.828125E+00
75,18,1711946445.212,0.8984375,2.2734375,5.200000E+01,-6.507812E+00
75,19,1711946445.212,-0.015625,3.4296875,5.670000E+01,3.250000E+00
75,20,1711946445.212,0.140625,3.6328125,5.500000E+01,4.226562E+00
75,21,1711946445.212,-0.140625,3.234375,5.580000E+01,-9.437500E+00
75,22,1711946445.212,-0.125,4.2265625,6.100000E+01,-7.484375E+00
75,23,1711946445.212,-0.1171875,4.0234375,5.540000E+01,-2.601562E+00
75,24,1711946445.212,0.65625,22.203125,5.970000E+01,6.507812E+00
75,25,1711946445.212,0.5625,15.0859375,6.070000E+01,-9.109375E+00
