47407.930186124846,-170637.12264638965,91.6,1737337906.926,-6.5390625,3.4296875,0.0
47407.113886396415,-170637.27665362952,88.9,1737337906.926,-5.828125,3.859375,0.0
47404.40944644378,-170635.18337741177,87.8,1737337906.926,-2.5625,2.84375,0.0
47404.18990556608,-170633.98405507448,51.8,1737337906.926,-1.9375,1.796875,7.15625
47400.84741482699,-170633.15365031458,48.6,1737337906.926,1.484375,2.1875,8.460938
47400.359531235306,-170644.27061027233,61.3,1737337906.926,-1.9453125,12.7734375,-7.484375
47400.55709081288,-170631.71944415144,51.6,1737337906.926,2.2578125,0.9453125,-7.484375
47402.11794779559,-170639.1563864159,90.6,1737337906.926,-1.8046875,7.3671875,-0.96875
47394.95199662557,-170647.78957918362,90.3,1737337906.926,1.890625,17.9609375,-0.6484375
47393.68404619564,-170645.69034907725,81.0,1737337906.926,3.8125,16.4375,-0.6484375
47401.49923026557,-170637.64132494052,80.8,1737337906.926,-0.6953125,6.1640625,-0.6484375
47398.70422548823,-170635.52259071448,79.1,1737337906.926,2.6640625,5.15625,-0.6484375
47403.75114493704,-170640.36625029778,97.8,1737337906.926,-3.7578125,7.9296875,-0.3203125
47403.37106651998,-170634.83757099882,89.4,1737337906.926,-1.46875,2.8828125,-0.3203125
47404.868437529716,-170634.0204601751,53.4,1737337906.926,-2.5859375,1.59375,2.273438
47401.05814238242,-170633.4157419816,50.2,1737337906.926,1.1953125,2.359375,7.15625
47402.37792629271,-170634.19177394352,46.5,1737337906.926,-0.3125,2.625,8.460938
47402.80960417932,-170644.54283793634,55.8,1737337906.926,-4.3359375,12.171875,-7.484375
47401.085136812864,-170633.1422976746,47.4,1737337906.926,1.265625,2.09375,-7.484375
47401.214242865586,-170650.98540273047,51.5,1737337906.926,-5.09375,18.765625,-4.875
47392.77265780757,-170646.99297604858,80.4,1737337906.926,4.2109375,17.9765625,-0.6484375
47399.108950481466,-170636.44913025055,75.6,1737337906.926,1.9609375,5.8828125,-0.6484375
47402.11877949104,-170634.52868193935,54.9,1737337906.926,-0.1875,3.03125,1.945312
47401.35008825035,-170635.29250795534,54.8,1737337906.926,0.265625,4.015625,7.15625
47401.991617428816,-170634.48956665787,52.0,1737337906.926,-0.0546875,3.0390625,7.8046880000000005
47401.32251774577,-170636.34958124033,54.9,1737337906.926,-0.078125,5.015625,8.460938
47401.416752762685,-170634.66696195712,53.9,1737337906.926,0.421875,3.40625,-1.945312
47401.61623438352,-170634.75808158226,54.6,1737337906.926,0.203125,3.421875,0.96875
47402.01880399623,-170634.9083115878,54.1,1737337906.926,-0.2265625,3.421875,7.484375
47396.147798360136,-170651.08768353213,59.2,1737337906.926,-0.3828125,20.6328125,2.273438
47400.45073561848,-170638.97617456716,56.7,1737337906.926,-0.1796875,7.78125,3.578125
47398.35319186066,-170644.7310101382,56.0,1737337906.926,-0.2265625,13.90625,3.8984379999999996
47399.32985759165,-170641.935087897,57.4,1737337906.926,-0.1640625,10.9453125,5.53125
47398.336290879815,-170643.88248775445,60.0,1737337906.926,0.0859375,13.1171875,9.757812
47393.784513343264,-170652.48224122386,57.8,1737337906.926,1.34375,22.765625,-8.78125
47398.10403214,-170646.73939818802,56.9,1737337906.926,-0.6953125,15.875,-8.132812
47396.102046747386,-170653.35543179425,52.8,1737337906.926,-1.1328125,22.7734375,-3.25
47394.08840919899,-170653.25441085655,72.7,1737337906.926,0.7890625,23.3828125,-0.6484375
47396.10473498106,-170648.74509766736,87.8,1737337906.926,0.4765625,18.453125,-0.6484375
47396.89779590289,-170647.7818967359,83.7,1737337906.926,0.0703125,17.2734375,-0.6484375
47394.44121528023,-170654.8787092441,75.0,1737337906.926,-0.109375,24.78125,0.0
47396.39264799333,-170653.24706979856,57.6,1737337906.926,-1.3671875,22.5703125,7.15625
47397.1272809774,-170648.90988113632,56.2,1737337906.926,-0.5390625,18.25,8.460938
47403.448112505626,-170635.48683067903,77.8,1737337907.0010002,-2.25,3.09375,0.0
47408.7183940926,-170640.0159598877,98.1,1737337907.0010002,-9.015625,4.6796875,0.3203125
47403.621844615656,-170634.23865123698,52.8,1737337907.0010002,-1.828125,1.90625,-9.757812
47403.96643161269,-170634.54118373894,54.6,1737337907.0010002,-2.2734375,2.015625,-7.15625
47401.389356535125,-170640.54507183968,59.2,1737337907.0010002,-2.7578125,8.53125,-6.507812
47400.07254982569,-170633.30825279572,54.9,1737337907.0010002,1.75,2.71875,-6.507812
47402.314303116356,-170634.28061561348,51.8,1737337907.0010002,-0.6875,2.546875,-6.507812
47392.976331698366,-170646.57782990165,89.9,1737337907.0010002,1.921875,17.765625,-0.6484375
47393.69005382225,-170646.0860764746,84.2,1737337907.0010002,1.515625,17.0,-0.6484375
47401.35600088044,-170639.13633334776,87.0,1737337907.0010002,-2.078125,7.296875,-0.6484375
47408.93401902642,-170644.66334186125,79.2,1737337907.0010002,-11.3515625,8.703125,-0.3203125
47400.747779014746,-170642.6418657707,90.9,1737337907.0010002,-3.15625,10.6875,-0.3203125
47402.519181620046,-170640.47230787965,95.6,1737337907.0010002,-3.7265625,7.9453125,-0.3203125
47403.00263819423,-170634.93808174573,88.4,1737337907.0010002,-1.6015625,2.8125,-0.3203125
47400.505960348884,-170632.86442627726,49.0,1737337907.0010002,1.5703125,2.125,-9.757812
47399.919351501594,-170632.40077544792,53.3,1737337907.0010002,2.3046875,1.984375,-7.15625
47396.499474269454,-170638.01029157345,57.4,1737337907.0010002,2.75,8.5390625,-6.507812
47403.076111629394,-170634.93226941134,49.3,1737337907.0010002,-1.6640625,2.7734375,-6.507812
47403.68506153613,-170634.21869748516,50.4,1737337907.0010002,-1.875,1.859375,-6.507812
47390.114713307245,-170645.03645472048,82.0,1737337907.0010002,5.171875,17.71875,-0.6484375
47400.651807230184,-170636.85026769555,56.9,1737337907.0010002,-0.3984375,5.59375,5.203125
47398.07133716528,-170641.32010201836,57.0,1737337907.0010002,-0.171875,10.75,3.578125
47394.87714257855,-170648.98438761936,59.6,1737337907.0010002,-0.875,19.0234375,4.875
47399.88543437877,-170637.1385085824,59.2,1737337907.0010002,0.1484375,6.203125,6.179688
47394.65852954656,-170649.98025865693,58.6,1737337907.0010002,-1.140625,20.0078125,6.507812
47393.38919696204,-170652.43739875586,54.2,1737337907.0010002,-1.1484375,22.7734375,9.757812
47398.36283431544,-170640.57349339867,58.9,1737337907.0010002,-0.0859375,9.953125,-4.875
47395.35286866965,-170645.24261564107,60.2,1737337907.0010002,0.4296875,15.484375,-1.296875
47393.85118143253,-170647.80785358234,85.9,1737337907.0010002,0.578125,18.453125,-0.6484375
47394.31598085632,-170646.9312358972,80.6,1737337907.0010002,0.5703125,17.4609375,-0.6484375
47397.235844940384,-170642.2152452222,72.0,1737337907.0010002,0.15625,11.9296875,-0.6484375
47391.506181368815,-170653.72111088346,74.6,1737337907.0010002,-0.0703125,24.78125,0.0
47394.28419215888,-170648.2620567737,55.5,1737337907.0010002,-0.015625,18.65625,-2.921875
47407.83301218681,-170640.53806314644,98.0,1737337907.076,-8.6796875,5.265625,0.3203125
47406.45474870781,-170638.3650954274,87.6,1737337907.076,-6.421875,4.03125,0.3203125
47400.1462642113,-170633.2419099237,55.0,1737337907.076,1.578125,2.6015625,3.578125
47399.669296432694,-170632.60311353972,53.8,1737337907.076,2.3046875,2.2734375,8.78125
47402.86873245688,-170634.37279520312,53.5,1737337907.076,-1.3515625,2.2734375,9.4375
47402.476750871436,-170634.5488116351,53.5,1737337907.076,-1.09375,2.6171875,-5.53125
47396.80781547208,-170632.20778195286,60.3,1737337907.076,5.0,3.3125,-1.625
47401.97536485259,-170634.24469959913,52.7,1737337907.076,-0.5078125,2.59375,-1.625
47400.9846499983,-170638.89278810445,90.3,1737337907.076,-1.890625,7.140625,-0.96875
47390.111051307686,-170645.1543025332,84.9,1737337907.076,4.59375,17.8828125,-0.6484375
47392.35309174707,-170646.23372330357,91.0,1737337907.076,2.109375,17.7421875,-0.6484375
47393.38506706951,-170646.22421486274,83.0,1737337907.076,1.2109375,17.234375,-0.6484375
47389.42684773051,-170639.5797781143,79.0,1737337907.076,7.890625,13.3359375,-0.3203125
47400.33060483363,-170642.5932447935,88.0,1737337907.076,-3.109375,10.6953125,-0.3203125
47402.2123409642,-170640.48250465788,94.1,1737337907.076,-3.734375,7.9375,-0.3203125
47401.94260024914,-170639.06553382095,93.6,1737337907.076,-2.8125,6.828125,-0.3203125
47402.73247543427,-170634.958097726,89.0,1737337907.076,-1.515625,2.8515625,-0.3203125
47401.910077870896,-170634.63713019196,49.1,1737337907.076,-0.640625,2.96875,3.578125
47401.99852409165,-170634.864611133,52.8,1737337907.076,-0.828125,3.125,8.78125
47401.56300172575,-170634.0701798584,53.1,1737337907.076,-0.0625,2.640625,9.4375
47401.929433733654,-170634.8442515968,53.0,1737337907.076,-0.7578125,3.140625,-6.507812
47404.051535620194,-170634.26815380892,51.2,1737337907.076,-2.3359375,1.609375,-5.53125
47401.09346902541,-170633.75690273038,50.0,1737337907.076,0.5,2.59375,-1.625
47397.314708340666,-170643.21957009454,58.3,1737337907.076,-0.7734375,12.703125,6.507812
47399.62676806068,-170637.0703565581,58.4,1737337907.076,0.1796875,6.203125,6.507812
47391.543499712745,-170651.57124070285,56.9,1737337907.076,0.234375,22.8046875,9.4375
47393.87389398441,-170648.34268504733,56.7,1737337907.076,-0.2421875,18.8515625,-8.460938
47394.06563020969,-170646.17210766673,58.5,1737337907.076,0.640625,16.859375,-6.507812
47391.68706414973,-170651.65064949545,58.3,1737337907.076,0.0703125,22.8046875,-4.554688
47393.064768595184,-170651.48418114716,78.1,1737337907.076,-1.0546875,21.9921875,-0.6484375
47393.218581083536,-170647.28383513045,83.6,1737337907.076,0.84375,18.2421875,-0.6484375
47393.252763092336,-170647.30274198586,83.4,1737337907.076,0.8046875,18.2421875,-0.3203125
47392.960576208396,-170650.54268139752,55.7,1737337907.076,-0.5078125,21.21875,4.875
47398.93129512104,-170638.48912342454,55.5,1737337907.076,0.1015625,7.78125,-7.484375
47406.26274519623,-170638.43927464596,88.2,1737337907.151,-5.8515625,4.8203125,0.0
47402.962695001625,-170638.90079521178,86.6,1737337907.151,-2.9921875,6.53125,0.0
47403.942404688234,-170635.36223178337,85.6,1737337907.151,-2.515625,2.890625,0.0
47402.57038835754,-170634.15398663247,53.6,1737337907.151,-0.78125,2.3125,1.296875
47400.61031565106,-170632.89204281743,51.8,1737337907.151,1.515625,1.9140625,9.4375
47394.10518312705,-170644.57778378073,59.0,1737337907.151,2.953125,15.2109375,-7.8046880000000005
47400.978913073675,-170633.40428332207,51.4,1737337907.151,0.9765625,2.2421875,-7.8046880000000005
47400.67395466212,-170633.34311887258,51.1,1737337907.151,1.28125,2.3046875,-7.484375
47401.791834911266,-170639.04162744927,86.7,1737337907.151,-1.96875,7.1171875,-0.96875
47391.350271437615,-170646.23701610786,85.9,1737337907.151,4.84375,17.8125,-0.6484375
47393.84859587309,-170647.20923194214,91.9,1737337907.151,2.1640625,17.734375,-0.6484375
47398.36872296126,-170635.5234488784,79.9,1737337907.151,2.5546875,5.2109375,-0.6484375
47402.564920515935,-170644.0513404053,87.5,1737337907.151,-4.6328125,11.4296875,-0.3203125
47403.13312894278,-170640.48288109087,96.4,1737337907.151,-3.765625,7.921875,-0.3203125
47403.243659365,-170635.10900631596,81.9,1737337907.151,-1.7734375,2.9296875,-0.3203125
47403.21931500043,-170634.72545393356,83.5,1737337907.151,-1.6015625,2.5859375,-0.3203125
47400.26050639369,-170633.77896449695,50.1,1737337907.151,1.4921875,2.8671875,8.460938
47402.88226629013,-170634.15869770732,49.3,1737337907.151,-1.0703125,2.1953125,9.4375
47401.699233496336,-170647.18006475593,55.6,1737337907.151,-5.0546875,14.6484375,-7.8046880000000005
47401.95327654235,-170634.02861351852,51.3,1737337907.151,-0.1640625,2.4375,-7.8046880000000005
47403.048302050185,-170634.34770983233,50.7,1737337907.151,-1.296875,2.3046875,-7.484375
47394.882965773024,-170649.93728728278,53.7,1737337907.151,0.1484375,19.84375,9.4375
47399.600658622236,-170639.26822526054,59.7,1737337907.151,-0.0390625,8.1796875,-7.15625
47398.61767135007,-170640.76948065555,58.4,1737337907.151,0.28125,9.9453125,-5.851562
47398.62901244138,-170641.0033202372,58.4,1737337907.151,0.1796875,10.15625,-5.53125
47395.03216037648,-170648.26139571337,83.5,1737337907.151,0.6640625,18.2421875,-0.6484375
47395.29646549762,-170647.07532390353,82.4,1737337907.151,0.8828125,17.046875,-0.6484375
47398.542359642626,-170642.67174134348,73.0,1737337907.151,-0.390625,11.7265625,-0.6484375
47393.225236581464,-170654.5971582366,75.2,1737337907.151,-0.140625,24.78125,0.0
47392.65079055504,-170652.16549363808,50.9,1737337907.151,1.3359375,22.765625,-8.460938
47408.271511309686,-170640.24776706626,95.3,1737337907.226,-8.40625,5.703125,0.0
47402.8774569808,-170639.10225499017,89.3,1737337907.226,-2.9921875,6.75,0.0
47402.00141900722,-170634.4561669444,51.8,1737337907.226,-0.375,2.8125,4.226562
47403.6416204429,-170634.2085257433,53.6,1737337907.226,-1.7890625,1.9453125,8.132812
47403.4990932786,-170634.66568555066,53.0,1737337907.226,-1.8359375,2.421875,8.460938
47402.908828456595,-170634.35656232855,55.1,1737337907.226,-1.171875,2.3671875,8.78125
47401.30655366784,-170633.9331269349,52.5,1737337907.226,0.46875,2.6015625,9.4375
47400.7395453597,-170633.10789725784,52.2,1737337907.226,1.3125,2.0625,-8.78125
47392.0780675224,-170646.7824721846,61.5,1737337907.226,3.9609375,18.03125,-5.851562
47391.368812198845,-170646.25334374505,86.8,1737337907.226,4.8203125,17.8203125,-0.6484375
47393.82701089681,-170647.20009929707,91.4,1737337907.226,2.1875,17.734375,-0.6484375
47410.215190889336,-170644.61603787605,78.8,1737337907.226,-11.8984375,8.96875,-0.3203125
47401.372232723115,-170642.57964929126,80.7,1737337907.226,-2.9609375,10.5390625,-0.3203125
47403.05426417873,-170640.28833615565,91.6,1737337907.226,-3.6171875,7.7734375,-0.3203125
47403.867690701234,-170635.1779260553,82.4,1737337907.226,-2.375,2.75,-0.3203125
47403.14846696377,-170634.933002142,88.4,1737337907.226,-1.6171875,2.8046875,-0.3203125
47401.112013410486,-170633.7914355394,52.5,1737337907.226,0.703125,2.546875,8.132812
47400.50458518249,-170633.76347262855,51.0,1737337907.226,1.2734375,2.7578125,8.460938
47404.58473873731,-170633.62353229386,52.3,1737337907.226,-2.4296875,1.0390625,9.4375
47403.04941329004,-170634.14458787206,51.3,1737337907.226,-1.21875,2.1171875,-8.78125
47402.30604529256,-170650.17681872097,57.7,1737337907.226,-6.78125,17.171875,-5.851562
47394.523248913625,-170648.24118341453,80.4,1737337907.226,1.140625,18.421875,-0.6484375
47402.05038320741,-170635.28276929885,76.3,1737337907.226,-0.7421875,3.5546875,-0.3203125
47401.41749001932,-170635.515488285,52.6,1737337907.226,-0.25,4.015625,1.625
47401.990068560255,-170634.66343968178,50.7,1737337907.226,-0.4453125,3.0078125,7.15625
47398.235701626465,-170644.45915295125,59.4,1737337907.226,-0.8046875,13.4921875,0.96875
47394.807990348476,-170649.0318154864,57.7,1737337907.226,0.5703125,19.0390625,2.921875
47398.28860662234,-170642.14871068962,60.8,1737337907.226,0.046875,11.34375,3.8984379999999996
47396.17343747452,-170646.82711304902,56.5,1737337907.226,0.171875,16.4765625,-9.4375
47399.17887605487,-170641.22748558735,58.5,1737337907.226,-0.4140625,10.1484375,-5.203125
47397.76801778527,-170644.7023912934,59.1,1737337907.226,-0.46875,13.8984375,-3.578125
47395.635736687655,-170647.23583620915,84.9,1737337907.226,0.5078125,17.0625,-0.6484375
47398.205306254495,-170642.32554127672,73.0,1737337907.226,0.0546875,11.5390625,-0.6484375
47393.17487163688,-170654.57584873142,74.3,1737337907.226,-0.0859375,24.78125,0.0
47397.43815938921,-170644.35923544172,56.6,1737337907.226,-0.03125,13.7109375,7.484375
47403.066030035545,-170638.9102806847,92.0,1737337907.3,-2.8046875,6.6171875,0.0
47399.13121328794,-170634.0039430686,59.8,1737337907.3,2.5703125,3.3515625,-8.78125
47392.194269024476,-170645.18921783802,60.1,1737337907.3,5.265625,16.234375,-6.507812
47402.418446644144,-170634.36008365845,51.0,1737337907.3,-0.640625,2.5625,-6.507812
47394.594887545456,-170647.43418713892,91.4,1737337907.3,2.2421875,17.5234375,-0.6484375
47393.530481511974,-170645.67528851586,85.5,1737337907.3,3.84375,16.234375,-0.6484375
47402.17896727775,-170638.90350327807,91.9,1737337907.3,-1.96875,6.9140625,-0.6484375
47410.360849262106,-170644.04127633446,77.4,1737337907.3,-11.4140625,8.9453125,-0.3203125
47405.89303893434,-170642.199885106,81.2,1737337907.3,-6.5859375,8.7421875,-0.3203125
47403.53843999322,-170640.2626233872,93.0,1737337907.3,-3.7109375,7.7265625,-0.3203125
47403.766608523176,-170635.40749540378,83.5,1737337907.3,-2.265625,3.0859375,-0.3203125
47403.2360283709,-170634.92352043302,84.9,1737337907.3,-1.6015625,2.8125,-0.3203125
47394.97606634957,-170646.95765990193,54.1,1737337907.3,2.046875,16.9453125,-6.507812
47401.73097504713,-170634.19313730605,51.0,1737337907.3,0.0625,2.640625,-6.507812
47401.907150233026,-170640.26777419072,57.0,1737337907.3,-2.1796875,8.2890625,-3.578125
47402.12262490941,-170635.51610211044,80.0,1737337907.3,-0.7578125,3.75,-0.3203125
47400.75946165585,-170637.20663795227,58.7,1737337907.3,-0.0546875,5.8046875,-7.484375
47400.58447137737,-170638.19046393211,59.8,1737337907.3,-0.2265625,6.7890625,1.625
47395.628768772454,-170653.4134755907,56.1,1737337907.3,-0.7734375,22.7890625,2.921875
47393.647145848925,-170652.66768552942,56.9,1737337907.3,1.34375,22.765625,7.15625
47398.754412166716,-170642.78709668881,58.2,1737337907.3,-0.078125,11.734375,-9.109375
47394.742408113896,-170653.1076730832,56.6,1737337907.3,0.1640625,22.8046875,-6.507812
47397.91979690252,-170645.21858203196,58.7,1737337907.3,-0.125,14.3046875,-3.8984379999999996
47399.456948682404,-170639.6674376494,61.8,1737337907.3,0.328125,8.5625,-3.8984379999999996
47394.33393652807,-170652.9507710478,67.8,1737337907.3,0.6015625,22.796875,-0.6484375
47396.04981460075,-170648.73658361472,82.0,1737337907.3,0.4296875,18.25,-0.6484375
47406.60407077082,-170641.1523629974,97.3,1737337907.375,-8.2265625,5.9609375,0.0
47406.07385363473,-170638.32210263927,90.8,1737337907.375,-6.3359375,3.7890625,0.0
47403.51955012343,-170635.54423269915,87.2,1737337907.375,-2.7265625,2.6875,0.0
47396.820835211736,-170632.89615994095,59.1,1737337907.375,4.390625,3.796875,6.828125
47401.86004411203,-170634.6057203534,54.6,1737337907.375,-0.8203125,2.71875,10.085939999999999
47400.653520192864,-170638.9890467753,60.0,1737337907.375,-2.0,7.109375,-6.507812
47401.90494280839,-170634.82236361405,57.6,1737337907.375,-0.96875,2.8828125,-5.851562
47389.3924909612,-170644.52473747495,87.1,1737337907.375,4.90625,17.5859375,-0.6484375
47391.618605628006,-170645.732638674,92.1,1737337907.375,2.375,17.5,-0.6484375
47390.79973923499,-170643.70230779581,84.5,1737337907.375,4.109375,16.1640625,-0.6484375
47400.78056281503,-170638.81903466553,89.5,1737337907.375,-2.0234375,6.8984375,-0.6484375
47408.880028024934,-170645.97750482697,78.7,1737337907.375,-12.6328125,8.96875,-0.3203125
47401.7813433859,-170640.38540511148,92.0,1737337907.375,-3.6796875,7.7421875,-0.3203125
47402.62285842374,-170635.08096090687,83.5,1737337907.375,-1.71875,2.7421875,-0.3203125
47403.966896359896,-170634.52040000018,51.7,1737337907.375,-2.59375,1.578125,-8.132812
47398.31063089461,-170637.9028257647,55.8,1737337907.375,0.5703125,7.359375,-6.507812
47400.51296313456,-170634.12253452654,49.0,1737337907.375,0.5859375,2.984375,-5.851562
47400.758973044256,-170634.78348430723,56.5,1737337907.375,0.0390625,3.4296875,-1.945312
47401.386862828556,-170634.87141585932,77.4,1737337907.375,-0.546875,3.1875,-0.3203125
47394.63591415936,-170644.71429514507,55.8,1737337907.375,0.2890625,15.09375,-8.132812
47391.839345719265,-170650.86370091207,60.2,1737337907.375,-0.4140625,21.8125,-3.25
47393.17611704718,-170646.36660789108,76.6,1737337907.375,0.7109375,17.2578125,-0.6484375
47392.50464580319,-170651.22730082946,79.3,1737337907.375,-1.171875,21.7890625,-0.3203125
47390.133672083495,-170653.30482476216,74.7,1737337907.375,-0.1796875,24.78125,0.0
47405.36025151245,-170638.2089817064,87.6,1737337907.451,-5.96875,3.640625,0.0
47402.86730971733,-170635.47155715778,83.3,1737337907.451,-2.375,2.75,0.0
47400.815255745794,-170633.70537575052,50.7,1737337907.451,0.3125,2.421875,4.226562
47400.64210266608,-170633.5426627193,50.4,1737337907.451,0.546875,2.3828125,6.507812
47399.91111974772,-170634.2005122643,54.2,1737337907.451,0.7890625,3.3359375,7.484375
47403.54503512981,-170634.03576425716,50.4,1737337907.451,-2.140625,1.1796875,7.8046880000000005
47390.288671415285,-170632.0917642547,61.7,1737337907.451,9.9609375,6.9296875,-9.757812
47388.45936022083,-170643.6299907794,87.6,1737337907.451,5.0703125,17.5390625,-0.6484375
47390.68947016,-170645.07352796305,93.1,1737337907.451,2.4140625,17.5,-0.6484375
47390.15469450132,-170642.8649323936,86.1,1737337907.451,4.0859375,15.9609375,-0.6484375
47400.280671374894,-170638.72305551064,93.0,1737337907.451,-2.03125,6.890625,-0.6484375
47407.60453453466,-170646.0424261544,80.2,1737337907.451,-12.1875,8.90625,-0.3203125
47406.51325713902,-170645.36943843242,81.7,1737337907.451,-10.90625,8.953125,-0.3203125
47401.40003104726,-170643.16413986168,87.7,1737337907.451,-5.4296875,9.9609375,-0.3203125
47403.11680709591,-170642.59195174833,84.9,1737337907.451,-6.5390625,8.53125,-0.3203125
47401.13682923446,-170640.33832507647,86.4,1737337907.451,-3.640625,7.7578125,-0.3203125
47402.343608379844,-170634.9054083198,83.9,1737337907.451,-1.625,2.5703125,-0.3203125
47400.279475431096,-170637.89533683946,54.2,1737337907.451,-1.5703125,6.203125,4.226562
47400.464674448536,-170633.33010829365,48.6,1737337907.451,0.8125,2.3046875,4.226562
47402.03882461556,-170634.2788458809,48.2,1737337907.451,-1.0234375,2.21875,6.507812
47401.50041461432,-170635.1687688074,52.1,1737337907.451,-1.0703125,3.2578125,7.484375
47402.16014740953,-170634.29415577787,49.7,1737337907.451,-1.1328125,2.1640625,7.8046880000000005
47399.3112058428,-170635.80107316634,56.5,1737337907.451,0.3984375,5.0,4.554688
47399.381795176385,-170636.58120365016,57.4,1737337907.451,-0.09375,5.609375,5.851562
47400.25196134808,-170635.49015753088,61.6,1737337907.451,-0.2109375,4.21875,7.484375
47399.452714904764,-170637.07965063435,77.5,1737337907.451,-0.4296875,5.984375,-0.6484375
47399.465705515686,-170637.08833306792,76.8,1737337907.451,-0.4453125,5.984375,-0.3203125
47399.934755166614,-170636.21782997885,56.0,1737337907.451,-0.3515625,5.0,4.554688
47397.85855671234,-170638.41036226595,60.5,1737337907.451,0.15625,7.9765625,1.296875
47391.582610961035,-170646.56316655758,59.7,1737337907.451,0.84375,18.2421875,4.554688
47394.03033688859,-170645.3612972492,57.8,1737337907.451,-0.5234375,15.8828125,5.53125
47393.538021775596,-170645.74641004394,57.3,1737337907.451,-0.328125,16.4765625,7.484375
47397.01815130813,-170639.99113989636,59.3,1737337907.451,-0.0234375,9.7578125,10.085939999999999
47392.423987555296,-170647.84906531798,59.2,1737337907.451,-0.5703125,18.84375,-5.53125
47396.117398382004,-170641.29666325366,60.5,1737337907.451,0.0,11.34375,-2.273438
47393.02433097342,-170645.88231586642,79.0,1737337907.451,0.0234375,16.875,-0.6484375
47388.7154585459,-170652.51200080663,74.5,1737337907.451,-0.078125,24.78125,0.0
47390.59706215232,-170649.96388521596,77.8,1737337907.451,-0.2265625,21.6171875,-0.6484375
47405.504740650016,-170638.79418694755,89.5,1737337907.525,-6.4140625,4.046875,0.0
47399.05718205576,-170632.5397425208,52.6,1737337907.525,2.421875,2.4296875,9.757812
47401.271816900575,-170634.24544424826,49.5,1737337907.525,-0.3671875,2.6171875,9.757812
47399.215619949115,-170632.3167480466,55.5,1737337907.525,2.4140625,2.15625,-7.8046880000000005
47401.928338343845,-170634.26138189528,52.1,1737337907.525,-0.921875,2.265625,-7.8046880000000005
47400.05182281702,-170632.47157159168,53.7,1737337907.525,1.6328125,1.8203125,-7.15625
47390.70246077092,-170645.08221039665,92.7,1737337907.525,2.3984375,17.5,-0.6484375
47390.024854471136,-170642.72177135773,87.5,1737337907.525,4.2734375,15.9140625,-0.6484375
47400.436624784816,-170638.77090801386,90.3,1737337907.525,-2.1875,6.84375,-0.6484375
47401.514858535775,-170643.17510854185,85.2,1737337907.525,-5.53125,9.90625,-0.3203125
47403.155811968114,-170642.58983069911,86.9,1737337907.525,-6.5703125,8.5078125,-0.3203125
47401.154161062164,-170640.3405122046,87.9,1737337907.525,-3.65625,7.75,-0.3203125
47402.817237046525,-170635.67301074538,82.1,1737337907.525,-2.4453125,2.9453125,-0.3203125
47402.298108202165,-170634.90318815218,83.7,1737337907.525,-1.5859375,2.59375,-0.3203125
47401.350956509865,-170635.125257521,51.3,1737337907.525,-0.921875,3.3046875,9.757812
47399.96904234257,-170632.84849754506,48.8,1737337907.525,1.4921875,2.1796875,9.757812
47403.58954412316,-170634.88303492367,54.2,1737337907.525,-2.6484375,1.859375,-7.8046880000000005
47400.0367441964,-170632.3957159359,50.0,1737337907.525,1.6875,1.765625,-7.8046880000000005
47401.80486146122,-170634.23523547608,53.6,1737337907.525,-0.8046875,2.3125,-7.15625
47402.712677886535,-170634.29697065608,49.5,1737337907.525,-1.59375,1.859375,-2.601562
47392.3061339065,-170644.8760786749,81.9,1737337907.525,1.1796875,16.4375,-0.6484375
47399.387577085006,-170631.65174240666,75.4,1737337907.525,2.640625,1.5078125,-0.3203125
47400.41387490921,-170634.15126558044,53.2,1737337907.525,0.3984375,3.015625,-6.828125
47400.02466521919,-170637.15182586288,78.3,1737337907.525,-0.9453125,5.7265625,-0.6484375
47400.77108366983,-170634.4182008542,50.0,1737337907.525,-0.046875,3.0390625,-4.226562
47394.340783448766,-170644.85463038413,55.7,1737337907.525,-0.5,15.2890625,0.96875
47391.96958048917,-170647.3198333425,59.4,1737337907.525,0.1015625,18.65625,2.601562
47391.672686211015,-170647.3563206918,58.6,1737337907.525,0.328125,18.8515625,2.921875
47395.22665599117,-170643.30424127128,59.5,1737337907.525,-0.375,13.5078125,2.921875
47395.07752828149,-170642.97904648527,58.0,1737337907.525,-0.0703125,13.3203125,5.53125
47397.804142824716,-170638.618311159,60.5,1737337907.525,0.0859375,8.1796875,6.507812
47395.0420716786,-170643.65071262812,56.9,1737337907.525,-0.4140625,13.8984375,7.15625
47393.52585715164,-170645.0335188613,56.8,1737337907.525,0.078125,15.890625,-6.507812
47389.89500749188,-170649.97389575126,55.4,1737337907.525,0.3515625,22.015625,-4.875
47390.219772764714,-170650.1909565911,59.3,1737337907.525,-0.0390625,22.015625,-3.25
47395.67140943364,-170640.97978746693,56.8,1737337907.525,0.546875,11.328125,-3.25
47392.2273312146,-170645.55636117235,85.6,1737337907.525,0.8671875,17.046875,-0.6484375
47407.61395824697,-170637.34411627392,93.7,1737337907.6,-6.0390625,4.59375,0.0
47404.54304342888,-170634.73717040752,79.0,1737337907.6,-2.546875,2.5859375,0.0
47414.214337519385,-170640.28312159027,75.9,1737337907.6,-13.0625,6.2890625,0.3203125
47395.02699275546,-170645.52049014956,58.6,1737337907.6,4.859375,14.9140625,-7.8046880000000005
47394.35938393499,-170647.85221222937,85.3,1737337907.6,5.09375,17.328125,-0.6484375
47397.0297553025,-170648.32002437641,91.0,1737337907.6,2.3828125,17.3046875,-0.6484375
47395.50245102665,-170646.64866556347,87.6,1737337907.6,4.1875,15.9375,-0.6484375
47406.228842515644,-170642.45117058413,87.0,1737337907.6,-5.6015625,9.8671875,-0.3203125
47403.39393300693,-170642.4455811716,91.1,1737337907.6,-2.8125,10.375,-0.3203125
47404.81650740544,-170639.98276683755,86.9,1737337907.6,-3.765625,7.6953125,-0.3203125
47403.690994097626,-170634.5326362961,87.8,1737337907.6,-1.671875,2.5390625,-0.3203125
47403.012116376194,-170635.32912918262,70.9,1737337907.6,-1.1484375,3.4453125,0.0
47405.494535666134,-170647.12992309858,56.6,1737337907.6,-5.7265625,14.6015625,-7.8046880000000005
47398.33301058698,-170647.6702612139,81.3,1737337907.6,1.21875,16.4296875,-0.6484375
47401.691769278965,-170634.86361278602,54.3,1737337907.6,0.234375,3.2265625,-2.601562
47402.131194038615,-170635.54030093955,54.1,1737337907.6,-0.3203125,3.8125,7.484375
47400.26813305453,-170647.25598855445,56.7,1737337907.6,-0.609375,15.671875,0.6484375
47397.528924411614,-170654.19501711454,55.0,1737337907.6,0.828125,22.9921875,4.875
47398.82436096123,-170654.23492552256,57.5,1737337907.6,-0.453125,22.796875,6.828125
47399.49705746866,-170654.33494463554,57.1,1737337907.6,-1.1328125,22.7734375,8.132812
47399.10847033608,-170652.47604539464,58.3,1737337907.6,-0.4140625,21.015625,-7.484375
47399.77520604799,-170647.38766204318,59.1,1737337907.6,-0.1484375,15.890625,-7.484375
47400.84413078463,-170640.54625066294,58.4,1737337907.6,0.0390625,8.96875,-1.625
47398.579324126535,-170648.14457563648,84.1,1737337907.6,0.890625,16.8515625,-0.6484375
47398.11162067581,-170656.1214291183,74.6,1737337907.6,-0.09375,24.78125,0.0
47407.05002389004,-170641.1063243268,89.7,1737337907.676,-7.203125,7.4375,0.0
47403.43672730586,-170638.970352902,86.5,1737337907.676,-3.1171875,6.4765625,0.0
47404.26495124174,-170635.19392167567,85.7,1737337907.676,-2.78125,2.625,0.0
47403.305349867594,-170634.7548867926,87.1,1737337907.676,-1.734375,2.4921875,0.0
47401.04918394624,-170634.35265485634,52.3,1737337907.676,0.5390625,2.78125,5.203125
47387.60900165956,-170642.57742843934,59.0,1737337907.676,10.9140625,14.640625,5.53125
47407.81895167099,-170646.3722852368,60.3,1737337907.676,-9.5078125,12.234375,8.78125
47392.49786313821,-170646.97005173296,86.6,1737337907.676,4.9375,17.375,-0.6484375
47394.934854886866,-170647.65797733006,91.6,1737337907.676,2.40625,17.3046875,-0.6484375
47393.778130680286,-170645.67583307493,87.4,1737337907.676,4.1015625,15.7578125,-0.6484375
47390.71153759453,-170641.73810075154,79.1,1737337907.676,8.203125,12.9140625,-0.3203125
47410.527227966435,-170643.62539108234,80.5,1737337907.676,-11.2734375,8.8046875,-0.3203125
47402.07953298066,-170642.60602934426,92.2,1737337907.676,-2.90625,10.3515625,-0.3203125
47402.42632218128,-170638.85103092488,88.6,1737337907.676,-2.1171875,6.6640625,-0.3203125
47402.318246808245,-170634.69195770766,50.8,1737337907.676,-0.7734375,2.7265625,5.203125
47395.846445528674,-170648.6958919036,80.2,1737337907.676,1.2265625,18.0234375,-0.6484375
47400.25314105205,-170636.1665302202,58.2,1737337907.676,0.7578125,4.75,3.8984379999999996
47401.34371155407,-170635.95075983516,57.5,1737337907.676,-0.21875,4.21875,5.53125
47401.367494908496,-170634.7222399891,51.6,1737337907.676,0.125,3.0390625,7.15625
47401.669494890964,-170635.01306168808,55.6,1737337907.676,-0.25,3.2265625,9.757812
47400.07556468827,-170636.97047243227,77.2,1737337907.676,0.6875,5.5703125,-0.6484375
47400.15525964567,-170637.0035632592,77.5,1737337907.676,0.6015625,5.578125,-0.3203125
47401.64524111649,-170636.60976472325,53.8,1737337907.676,-0.703125,4.7578125,3.8984379999999996
47401.8172267858,-170635.6403730346,52.1,1737337907.676,-0.578125,3.78125,6.507812
47400.49920148222,-170637.5530458011,66.0,1737337907.676,0.109375,6.0,-0.3203125
47396.524549756505,-170649.14517665195,58.0,1737337907.676,0.4453125,18.25,1.625
47395.6464691212,-170651.9811089494,57.7,1737337907.676,0.4375,21.21875,5.53125
47398.858145488586,-170644.08757896745,55.1,1737337907.676,-0.2734375,12.7265625,6.828125
47396.25188655717,-170650.93435732336,55.7,1737337907.676,0.171875,20.0390625,-5.53125
47399.62159437244,-170639.7588721811,56.0,1737337907.676,0.2890625,8.3671875,-5.53125
47398.647001666846,-170645.86324478267,58.6,1737337907.676,-0.6015625,14.484375,-3.8984379999999996
47395.13563083494,-170655.55387804506,73.9,1737337907.676,-0.140625,24.78125,0.0
47395.63573020295,-170653.63933136215,55.2,1737337907.676,-0.046875,22.8046875,5.203125
47395.426938481374,-170653.57408123187,53.9,1737337907.676,0.171875,22.8046875,-5.53125
47396.175947196345,-170648.61060780444,77.4,1737337907.676,0.9375,17.84375,-0.3203125
47406.71403416458,-170638.09560713096,87.6,1737337907.75,-5.984375,4.6640625,0.0
47403.53040443402,-170638.95870264573,89.2,1737337907.75,-3.203125,6.4375,0.0
47404.023536007764,-170635.10210604194,82.9,1737337907.75,-2.5234375,2.609375,0.0
47403.24895697543,-170634.77818885786,82.9,1737337907.75,-1.6875,2.53125,0.0
47400.7546454692,-170633.67127942664,51.4,1737337907.75,1.0234375,2.21875,5.53125
47393.917477309784,-170645.98948952454,59.5,1737337907.75,3.875,16.015625,9.4375
47400.01736154205,-170632.4422845023,53.0,1737337907.75,2.09375,1.265625,-10.085939999999999
47401.33347566341,-170634.49061041136,55.6,1737337907.75,0.2265625,2.828125,-2.273438
47392.395331877415,-170646.9052689172,85.3,1737337907.75,5.0546875,17.34375,-0.6484375
47394.89244416545,-170647.6365383121,92.9,1737337907.75,2.453125,17.296875,-0.6484375
47393.730593473476,-170645.64460684796,87.7,1737337907.75,4.15625,15.7421875,-0.6484375
47411.41552120125,-170644.21402867118,83.3,1737337907.75,-12.296875,9.1015625,-0.3203125
47410.124553559464,-170643.89243563786,82.5,1737337907.75,-10.96875,9.1796875,-0.3203125
47404.683376149515,-170642.96958286455,89.6,1737337907.75,-5.5,9.921875,-0.3203125
47402.06461928626,-170642.60136862064,92.6,1737337907.75,-2.890625,10.3515625,-0.3203125
47402.707819327596,-170638.84078105955,89.4,1737337907.75,-2.3828125,6.5703125,-0.3203125
47400.335191215105,-170634.09678237332,74.2,1737337907.75,1.296875,2.75,0.0
47403.04063722663,-170634.21379417428,46.0,1737337907.75,-1.3203125,2.0546875,5.53125
47396.31438248785,-170647.17236471322,55.3,1737337907.75,1.234375,16.4296875,9.4375
47402.81926061972,-170634.26738783735,51.1,1737337907.75,-1.125,2.171875,-10.085939999999999
47399.68878984526,-170632.70793177234,53.5,1737337907.75,2.328125,1.6171875,-2.273438
47395.846445528674,-170648.6958919036,81.6,1737337907.75,1.2265625,18.0234375,-0.6484375
47400.987639724786,-170636.46155153913,59.3,1737337907.75,-0.03125,4.8125,4.226562
47401.21369258272,-170635.08343054005,53.3,1737337907.75,0.1640625,3.4296875,-9.4375
47400.55187293814,-170636.93925241625,79.9,1737337907.75,0.2421875,5.3984375,-0.3203125
47397.349024306764,-170647.13555866093,58.3,1737337907.75,0.2578125,16.0859375,2.921875
47396.09248422046,-170651.9158665828,58.7,1737337907.75,0.03125,21.0234375,-5.851562
47396.847541628005,-170647.79735035618,73.6,1737337907.75,0.5390625,16.8671875,-0.6484375
47397.719100045186,-170644.7465667754,57.9,1737337907.75,0.6171875,13.6953125,-10.414060000000001
47395.65206913212,-170651.36079024093,55.2,1737337907.75,0.6171875,20.625,-9.757812
47395.374740550986,-170653.55776869928,50.4,1737337907.75,0.2265625,22.8046875,-2.601562
47396.43224662264,-170651.19535008084,55.6,1737337907.75,-0.078125,20.234375,-2.273438
47406.419846254284,-170641.20269894705,103.7,1737337907.825,-8.171875,6.03125,0.0
47403.30846544522,-170635.62719751673,83.1,1737337907.825,-2.7421875,2.671875,0.0
47402.770525157386,-170634.34445253047,53.8,1737337907.825,-1.6484375,1.8125,-9.109375
47400.18209274211,-170633.32446523794,54.2,1737337907.825,1.109375,2.1796875,-4.875
47399.943355953714,-170632.8697811102,52.7,1737337907.825,1.5390625,1.8984375,-1.625
47388.97673529317,-170635.54746646626,74.4,1737337907.825,9.8203125,9.5703125,-0.96875
47389.41857694498,-170644.7157787309,85.3,1737337907.825,4.9765625,17.3671875,-0.6484375
47391.671514300004,-170645.88883265163,92.0,1737337907.825,2.4375,17.296875,-0.6484375
47391.0528835946,-170643.8191426142,85.9,1737337907.825,3.984375,15.7890625,-0.6484375
47408.19936055244,-170645.81365114072,81.7,1737337907.825,-11.96875,9.1953125,-0.3203125
47402.200235993914,-170643.30723717314,86.7,1737337907.825,-5.5078125,9.921875,-0.3203125
47399.728579897266,-170642.41480582126,90.9,1737337907.825,-2.9140625,10.34375,-0.3203125
47401.83184275936,-170639.13274808126,91.9,1737337907.825,-3.15625,6.453125,-0.3203125
47401.631915613005,-170634.944707965,73.9,1737337907.825,-0.9453125,2.890625,-0.3203125
47401.117946066806,-170634.14913896602,53.7,1737337907.825,-0.109375,2.4453125,-9.109375
47403.27525627881,-170634.16038257373,49.6,1737337907.825,-2.0,1.40625,-4.875
47403.26083245162,-170634.17023797787,48.4,1737337907.825,-1.9921875,1.421875,-1.625
47392.41056678041,-170647.13148887828,76.2,1737337907.825,1.1875,18.0234375,-0.6484375
47398.0045049062,-170635.3582211168,71.4,1737337907.825,2.0234375,5.015625,-0.6484375
47399.4324650483,-170633.19346950072,66.7,1737337907.825,1.828125,2.4296875,-0.3203125
47400.14538986172,-170634.94906947706,53.8,1737337907.825,0.3515625,3.6171875,3.8984379999999996
47399.320304814064,-170636.52839955408,77.8,1737337907.825,0.3046875,5.3984375,-0.6484375
47390.54029099106,-170651.55343903392,56.3,1737337907.825,0.671875,22.796875,1.296875
47398.797555823985,-170637.5964800723,57.9,1737337907.825,0.2421875,6.5859375,1.296875
47399.195314615994,-170637.37971259624,57.1,1737337907.825,0.0,6.203125,1.625
47394.225351847716,-170645.23560582747,59.5,1737337907.825,0.5234375,15.484375,2.273438
47390.468993243114,-170651.50482915633,56.2,1737337907.825,0.7578125,22.7890625,9.109375
47394.70877829749,-170647.51616063176,56.2,1737337907.825,-1.0078125,17.2421875,-4.554688
47392.08394648666,-170652.3944364398,57.0,1737337907.825,-1.0859375,22.78125,-3.8984379999999996
47394.98129357035,-170644.9856793487,60.7,1737337907.825,-0.015625,14.8984375,-2.273438
47399.07242992835,-170637.31134049542,70.3,1737337907.825,0.140625,6.203125,-0.6484375
47406.44653873449,-170638.21346296644,85.0,1737337907.9,-5.8828125,4.796875,0.0
47404.44115687483,-170635.26283137302,79.7,1737337907.9,-3.1015625,2.5625,0.0
47403.95040395203,-170635.10442763395,82.1,1737337907.9,-2.5859375,2.5546875,0.0
47399.99663650037,-170633.31397081134,51.0,1737337907.9,1.71875,2.0,-9.757812
47399.66931886042,-170632.56830993993,53.5,1737337907.9,2.25,1.3828125,-9.109375
47395.879048453855,-170647.1114628321,69.4,1737337907.9,1.6171875,16.3984375,-1.625
47398.64983465994,-170635.41815233414,77.2,1737337907.9,2.390625,4.40625,-0.96875
47394.91125953841,-170647.55052905311,90.0,1737337907.9,2.4140625,17.1015625,-0.6484375
47394.00202437307,-170645.9567559503,85.0,1737337907.9,3.75,15.84375,-0.6484375
47411.79479205249,-170644.33625094558,75.3,1737337907.9,-12.7890625,9.0859375,-0.6484375
47411.29031790795,-170644.22266900592,73.1,1737337907.9,-12.2734375,9.125,-0.6484375
47402.055953307776,-170642.65400641452,87.8,1737337907.9,-2.984375,10.328125,-0.6484375
47401.86937559159,-170637.49857529716,77.3,1737337907.9,-1.296875,5.453125,-0.6484375
47390.11839690877,-170642.2023696843,76.8,1737337907.9,8.5625,13.390625,-0.3203125
47411.064685761434,-170643.89214459766,82.2,1737337907.9,-11.9609375,8.875,-0.3203125
47404.7916105107,-170642.95222374194,89.6,1737337907.9,-5.6875,9.8125,-0.3203125
47403.54408974038,-170638.96718666042,89.6,1737337907.9,-3.328125,6.3671875,-0.3203125
47402.62752972356,-170638.6784313148,88.5,1737337907.9,-2.3671875,6.359375,-0.3203125
47402.39185380163,-170634.93778558276,73.1,1737337907.9,-1.046875,2.8515625,-0.3203125
47399.47324912128,-170634.83684449777,69.8,1737337907.9,1.7734375,3.609375,0.0
47401.20316265765,-170634.33695267705,50.4,1737337907.9,0.265625,2.625,-9.757812
47403.10504283162,-170634.39626800196,53.0,1737337907.9,-1.5703125,2.125,-9.109375
47401.034543945185,-170634.91445263926,53.4,1737337907.9,0.2578125,3.2265625,-6.828125
47395.0220624718,-170653.54065280582,57.4,1737337907.9,0.5546875,22.796875,4.554688
47399.13079607976,-170641.98730349034,58.3,1737337907.9,0.0078125,10.546875,5.53125
47399.40948619197,-170641.66409964202,59.3,1737337907.9,-0.1640625,10.15625,-5.53125
47399.49273556626,-170640.03099837847,58.8,1737337907.9,0.234375,8.5703125,-1.945312
47396.403796367806,-170647.7459848116,82.7,1737337907.9,0.9296875,16.8515625,-0.6484375
47395.120994708515,-170655.64621417565,74.9,1737337907.9,-0.15625,24.78125,0.0
47406.628675536434,-170641.30062491965,90.0,1737337907.976,-7.515625,7.1171875,0.0
47405.89568841506,-170638.32971322362,88.0,1737337907.976,-5.7734375,4.6015625,0.0
47403.822128993525,-170635.19110461135,82.1,1737337907.976,-2.71875,2.40625,0.0
47403.211555985705,-170634.59915345756,79.4,1737337907.976,-1.9375,2.0703125,0.0
47399.32806636998,-170637.50928445262,60.1,1737337907.976,0.65625,6.171875,2.601562
47398.6917064954,-170634.4163312382,58.8,1737337907.976,2.3515625,3.5078125,4.875
47402.88648690635,-170634.50881708585,53.0,1737337907.976,-1.6015625,2.1015625,-6.507812
47401.13573244357,-170634.62799977837,52.0,1737337907.976,-0.0078125,2.8359375,-2.601562
47393.72582840831,-170647.06297221393,91.0,1737337907.976,2.4921875,17.09375,-0.6484375
47393.71973098215,-170645.91537497492,84.0,1737337907.976,2.90625,16.0234375,-0.6484375
47410.65545811687,-170645.14951472243,80.4,1737337907.976,-12.6484375,9.28125,-0.3203125
47409.421228808555,-170644.74644025028,82.3,1737337907.976,-11.3515625,9.34375,-0.3203125
47403.843946483954,-170643.19126177984,89.8,1737337907.976,-5.5859375,9.875,-0.3203125
47402.99624764474,-170640.30206695825,92.5,1737337907.976,-3.765625,7.4765625,-0.3203125
47402.069504487255,-170638.7621212564,87.9,1737337907.976,-2.3515625,6.3671875,-0.3203125
47399.919501622804,-170633.73855765114,69.9,1737337907.976,1.4453125,2.4375,0.0
47400.51085094795,-170637.95964795336,57.6,1737337907.976,-0.609375,6.171875,2.601562
47404.49467211286,-170634.19323446215,52.8,1737337907.976,-2.9921875,1.234375,-8.132812
47400.933349730956,-170634.3252281942,50.9,1737337907.976,0.2890625,2.625,-6.507812
47402.1616822413,-170634.80965412493,51.4,1737337907.976,-1.03125,2.640625,-2.601562
47400.98258048381,-170635.62300392243,53.0,1737337907.976,-0.21875,3.8203125,4.554688
47399.838974158876,-170636.6505013674,73.8,1737337907.976,0.484375,5.1875,-0.6484375
47394.9290762784,-170653.60697122663,58.5,1737337907.976,-0.9609375,22.78125,4.554688
47394.676810785335,-170650.14196799794,59.4,1737337907.976,0.5078125,19.6328125,5.203125
47395.2171596003,-170652.8723361719,55.9,1737337907.976,-0.96875,21.9921875,5.851562
47398.299264925634,-170641.15527569762,56.5,1737337907.976,0.3203125,9.9453125,6.828125
47398.21895239257,-170641.1246954599,59.9,1737337907.976,0.40625,9.9453125,-7.484375
47399.64142783687,-170638.28901604033,57.2,1737337907.976,0.0859375,6.7890625,-2.601562
47397.856711286084,-170643.32747571528,59.1,1737337907.976,-0.0390625,12.1328125,-1.945312
47395.56529279132,-170647.30359454028,78.8,1737337907.976,0.6875,16.6640625,-0.6484375
47393.37775971887,-170655.15636042034,74.1,1737337907.976,-0.0625,24.78125,0.0
47396.92205798129,-170644.44289492627,55.1,1737337907.976,0.4375,13.5078125,-3.25
47405.87495210745,-170638.56022888495,81.8,1737337908.051,-6.2265625,4.328125,0.0
47404.08380768967,-170635.48236287187,75.6,1737337908.051,-3.3125,2.28125,0.0
47403.17126220816,-170635.26009758562,81.6,1737337908.051,-2.390625,2.4609375,0.0
47402.56917064144,-170635.01733535793,75.6,1737337908.051,-1.7421875,2.4921875,0.0
47399.4773989582,-170632.69102668992,54.1,1737337908.051,2.0390625,1.671875,2.601562
47400.34385095912,-170634.3025598886,53.9,1737337908.051,0.578125,2.7734375,3.25
47399.38875831126,-170631.8933758643,54.0,1737337908.051,2.453125,0.984375,7.8046880000000005
47401.02355394875,-170634.6756552316,54.5,1737337908.051,-0.1953125,2.828125,8.78125
47403.5470532154,-170635.0976671145,55.9,1737337908.051,-2.6640625,2.15625,-10.085939999999999
47402.98191203518,-170634.69990393866,53.3,1737337908.051,-1.984375,2.03125,-9.757812
47400.339236272375,-170634.05102030587,53.0,1737337908.051,0.6875,2.546875,-8.78125
47401.26978848242,-170635.3738416376,54.4,1737337908.051,-0.7109375,3.359375,-6.828125
47401.98533237035,-170634.47335681212,49.4,1737337908.051,-0.984375,2.2421875,-1.945312
47392.63831072748,-170646.52018906645,92.5,1737337908.051,2.46875,17.09375,-0.6484375
47391.805772379215,-170644.44263803755,81.8,1737337908.051,4.09375,15.5546875,-0.6484375
47398.254231051134,-170636.1702062411,76.9,1737337908.051,1.6953125,5.34375,-0.6484375
47408.873830020915,-170645.7030728584,80.7,1737337908.051,-11.9375,9.5625,-0.3203125
47409.165484119134,-170644.8826732224,80.7,1737337908.051,-11.859375,8.6953125,-0.3203125
47403.0292053314,-170643.32220153182,84.9,1737337908.051,-5.6328125,9.84375,-0.3203125
47400.41413140964,-170642.44520926586,89.9,1737337908.051,-2.890625,10.140625,-0.3203125
47402.36497369374,-170640.39327122242,91.1,1737337908.051,-3.8046875,7.4609375,-0.3203125
47401.63515839657,-170639.00804680635,89.9,1737337908.051,-2.5625,6.5078125,-0.3203125
47401.64580138728,-170635.43512701054,76.5,1737337908.051,-1.078125,3.2578125,0.0
47403.878694433944,-170634.4332834123,73.0,1737337908.051,-2.6875,1.4140625,0.0
47403.53197227186,-170634.196270029,49.5,1737337908.051,-2.2734375,1.34375,2.601562
47399.19635495816,-170632.10582414045,53.1,1737337908.051,2.5390625,1.2578125,3.25
47399.02321166318,-170632.48194799412,52.6,1737337908.051,2.5390625,1.671875,7.8046880000000005
47400.84647810623,-170634.38772822954,50.8,1737337908.051,0.0859375,2.640625,7.8046880000000005
47402.07465515649,-170634.85849636476,49.9,1737337908.051,-1.2265625,2.5546875,8.78125
47399.108577232364,-170633.8285248988,54.0,1737337908.051,1.8984375,2.859375,-10.085939999999999
47399.51568895369,-170633.33649140358,51.9,1737337908.051,1.734375,2.2421875,-9.757812
47399.74323461962,-170633.34663303706,51.3,1737337908.051,1.5234375,2.15625,-8.78125
47399.15294891867,-170634.55419397392,53.4,1737337908.051,1.5546875,3.5,-6.828125
47399.723165027186,-170634.56726961554,53.3,1737337908.051,1.03125,3.2734375,-6.828125
47400.49243737001,-170633.92373214752,49.0,1737337908.051,0.6015625,2.3671875,-1.945312
47393.99751125537,-170645.95900510318,75.7,1737337908.051,1.46875,16.015625,-0.6484375
47401.01284934803,-170634.88574068993,54.3,1737337908.051,-0.2734375,3.0234375,5.53125
47399.8745251586,-170636.98488992528,58.4,1737337908.051,-0.1171875,5.40625,9.109375
47399.938514418915,-170636.58432013638,77.4,1737337908.051,-0.0078125,5.015625,-0.6484375
47400.11873794409,-170637.29512194244,74.2,1737337908.051,-0.46875,5.5859375,-0.6484375
47399.240788254465,-170636.19432755304,72.2,1737337908.051,0.7890625,4.953125,-0.6484375
47397.06513290925,-170643.74171902673,56.8,1737337908.051,-0.390625,12.71875,5.851562
47397.657337632685,-170642.26842515412,57.6,1737337908.051,-0.3125,11.1328125,-8.460938
47393.4217188613,-170649.6759911257,58.6,1737337908.051,0.4375,19.6328125,-4.554688
47397.19988348307,-170642.0664431348,58.8,1737337908.051,0.1875,11.140625,-3.578125
47398.42731678413,-170639.58688820546,57.1,1737337908.051,0.109375,8.375,-3.578125
47394.297363295125,-170646.80228094466,86.5,1737337908.051,0.84375,16.65625,-0.6484375
47397.15730342415,-170642.04684200705,77.6,1737337908.051,0.234375,11.140625,-0.6484375
47393.258667860966,-170653.0755457289,53.3,1737337908.051,-0.8359375,22.7890625,5.851562
47397.30294760375,-170642.55251411113,56.0,1737337908.051,-0.109375,11.5390625,9.4375
47406.81990312184,-170641.19695857516,100.2,1737337908.1260002,-8.1875,6.328125,0.0
47404.766728195085,-170639.09933795384,87.2,1737337908.1260002,-5.4453125,5.28125,0.0
47402.504560851914,-170639.19325075732,93.2,1737337908.1260002,-3.4296875,6.3125,0.0
47403.47856021715,-170635.35855524274,86.1,1737337908.1260002,-2.7109375,2.421875,0.0
47403.05084882871,-170634.88644749855,81.6,1737337908.1260002,-2.125,2.171875,0.0
47410.632330561886,-170647.22641742858,62.5,1737337908.1260002,-14.171875,10.2109375,4.226562
47401.542063350535,-170634.81973790462,54.2,1737337908.1260002,-0.7265625,2.7421875,5.203125
47399.98913630684,-170633.70924567696,51.5,1737337908.1260002,1.1484375,2.3828125,10.085939999999999
47403.516081794034,-170634.67918509955,54.2,1737337908.1260002,-2.4609375,1.7890625,-8.132812
47390.43135528957,-170645.61605520098,84.1,1737337908.1260002,4.8515625,17.1953125,-0.6484375
47392.68472060825,-170646.55015372526,91.7,1737337908.1260002,2.4140625,17.1015625,-0.6484375
47391.888228609656,-170644.50639717712,83.5,1737337908.1260002,3.9921875,15.578125,-0.6484375
47408.11617453878,-170645.40590003665,78.2,1737337908.1260002,-11.125,9.609375,-0.3203125
47402.382433901315,-170640.39270825518,91.9,1737337908.1260002,-3.8203125,7.453125,-0.3203125
47399.20468851794,-170632.2558693323,52.4,1737337908.1260002,2.46875,1.390625,5.203125
47400.49705205676,-170634.17527173035,49.8,1737337908.1260002,0.4921875,2.59375,10.085939999999999
47399.0407828196,-170632.59324294893,52.6,1737337908.1260002,2.4765625,1.765625,-8.132812
47393.56987792318,-170647.76607289136,74.9,1737337908.1260002,1.1015625,17.8359375,-0.6484375
47391.31778238036,-170644.81143509402,74.9,1737337908.1260002,4.3828125,16.09375,-0.6484375
47398.46860657289,-170635.55504725588,73.7,1737337908.1260002,1.7578125,4.6953125,-0.6484375
47400.62285676472,-170635.58346685438,54.3,1737337908.1260002,-0.2109375,3.8203125,1.625
47400.615879260185,-170635.15022851925,57.3,1737337908.1260002,-0.0234375,3.4296875,7.8046880000000005
47399.942003171185,-170636.80093930394,56.6,1737337908.1260002,-0.1015625,5.2109375,-5.851562
47399.569692693076,-170637.72181834522,58.6,1737337908.1260002,-0.1484375,6.203125,3.25
47395.96525077982,-170643.8890438849,58.9,1737337908.1260002,0.546875,13.3125,6.507812
47396.451535430664,-170644.55152501087,58.4,1737337908.1260002,-0.171875,13.7109375,-5.203125
47396.65374757078,-170643.77595730269,56.5,1737337908.1260002,-0.03125,12.921875,-5.203125
47393.49612503957,-170653.17625525495,54.9,1737337908.1260002,-1.09375,22.78125,-4.554688
47393.624580248055,-170650.6552297549,58.9,1737337908.1260002,-0.15625,20.4375,-3.25
47394.57469664527,-170646.94714848255,79.2,1737337908.1260002,0.53125,16.671875,-0.6484375
47391.82949910762,-170654.61078244422,74.2,1737337908.1260002,-0.1796875,24.78125,0.0
47392.027675974496,-170652.51747655575,55.0,1737337908.1260002,0.515625,22.796875,5.203125
47394.32990444625,-170647.70311506296,56.8,1737337908.1260002,0.4375,17.4609375,-9.4375
47399.370747407585,-170638.4902893769,57.7,1737337908.1260002,-0.2890625,6.984375,-9.109375
47403.52319967969,-170635.52652210498,86.8,1737337908.201,-2.6171875,2.7890625,0.0
47403.72447374249,-170634.51215197553,79.1,1737337908.201,-2.46875,1.765625,0.0
47407.09760943291,-170641.0250369696,88.7,1737337908.201,-7.8203125,6.78125,0.3203125
47406.345294704544,-170638.2315680956,88.9,1737337908.201,-6.1796875,4.3984375,0.3203125
47406.21163153965,-170637.83626130444,85.2,1737337908.201,-5.921875,4.0703125,0.3203125
47399.512754107156,-170632.94814746908,54.6,1737337908.201,2.0234375,1.6953125,1.945312
47403.5626196012,-170634.85267233595,52.1,1737337908.201,-2.4296875,2.140625,2.601562
47402.45348258573,-170634.42729263095,53.8,1737337908.201,-1.2421875,2.109375,3.8984379999999996
47394.068325094115,-170647.14856841107,90.9,1737337908.201,2.421875,16.8984375,-0.6484375
47392.8058339958,-170645.23537013266,83.5,1737337908.201,4.25,15.515625,-0.6484375
47410.43143826415,-170644.53254870113,80.9,1737337908.201,-12.1328125,8.9765625,-0.3203125
47409.85108436015,-170643.97098838325,82.0,1737337908.201,-11.3984375,8.640625,-0.3203125
47401.36938119923,-170642.55428037242,91.0,1737337908.201,-2.9296875,10.1328125,-0.3203125
47403.10451187791,-170639.12401415638,83.7,1737337908.201,-3.421875,6.3203125,-0.3203125
47401.11261260738,-170634.51660054913,51.0,1737337908.201,-0.0078125,2.640625,1.945312
47400.25094875325,-170634.75051416206,50.7,1737337908.201,0.7265625,3.1484375,2.601562
47399.82507119413,-170633.1663208835,53.6,1737337908.201,1.65625,1.796875,3.8984379999999996
47401.83760909711,-170636.6374783782,53.6,1737337908.201,-1.3984375,4.3984375,5.851562
47400.935578801436,-170634.8766126859,55.2,1737337908.201,0.0390625,3.0390625,6.507812
47399.79944685389,-170636.75365586914,78.2,1737337908.201,0.484375,5.1875,-0.3203125
47400.65124005771,-170637.06316909273,75.0,1737337908.201,-0.421875,5.1953125,-0.3203125
47393.629023253976,-170653.2413323318,57.8,1737337908.201,0.8046875,22.7890625,1.296875
47395.66510441808,-170652.28746942224,56.7,1737337908.201,-0.796875,21.2109375,6.828125
47396.60869958851,-170647.81491621875,59.6,1737337908.201,-0.1953125,16.6796875,6.828125
47395.1536816212,-170653.78050973619,51.7,1737337908.201,-0.8125,22.7890625,7.15625
47393.92840400592,-170653.35549142337,53.2,1737337908.201,0.484375,22.796875,9.4375
47399.05166677845,-170641.3286032794,56.0,1737337908.201,-0.3359375,9.75,-3.8984379999999996
47397.03374249547,-170647.94865436034,59.5,1737337908.201,-0.640625,16.6640625,-2.921875
47395.817001829775,-170647.7338207491,79.3,1737337908.201,0.578125,16.8671875,-0.6484375
47396.55740291434,-170647.37415770744,75.1,1737337908.201,0.0,16.28125,-0.6484375
47393.82658263003,-170655.4242871142,75.2,1737337908.201,-0.109375,24.78125,0.0
47399.35451269287,-170639.34747079655,59.2,1737337908.201,0.0390625,7.78125,9.4375
47403.21355714928,-170634.58049853126,85.4,1737337908.276,-2.0234375,1.9921875,0.0
47399.303737248934,-170632.3743995308,53.3,1737337908.276,2.3828125,1.1328125,3.8984379999999996
47399.951748714004,-170633.4955967009,51.4,1737337908.276,1.4140625,1.9921875,8.460938
47401.91228838894,-170639.43346963354,59.4,1737337908.276,-2.3203125,7.0078125,9.757812
47401.61466262164,-170637.65488254608,60.8,1737337908.276,-1.4765625,5.4140625,-10.085939999999999
47400.364616000086,-170633.937551784,51.3,1737337908.276,0.8828125,2.28125,-2.921875
47398.5745076355,-170635.50750800356,77.6,1737337908.276,2.0859375,4.3359375,-0.96875
47394.382357181086,-170647.36879101695,92.7,1737337908.276,2.3203125,16.9140625,-0.6484375
47395.68894894816,-170646.8812428571,80.4,1737337908.276,1.234375,16.0390625,-0.6484375
47401.69200709948,-170642.59589190612,93.7,1737337908.276,-3.109375,10.078125,-0.6484375
47402.881343667315,-170644.14413704205,87.5,1737337908.276,-4.7265625,11.171875,-0.3203125
47403.29883140588,-170640.31454282353,90.3,1737337908.276,-3.9140625,7.40625,-0.3203125
47403.42155069786,-170639.07919766096,90.2,1737337908.276,-3.640625,6.1953125,-0.3203125
47402.52951703622,-170638.8154338335,87.1,1737337908.276,-2.7109375,6.2265625,-0.3203125
47403.270929792045,-170635.42291175527,80.3,1737337908.276,-2.34375,2.7734375,-0.3203125
47403.10750036613,-170634.8498555959,84.5,1737337908.276,-2.0078125,2.28125,-0.3203125
47402.11671012092,-170634.68497749648,46.7,1737337908.276,-1.015625,2.4375,3.8984379999999996
47400.44371166805,-170633.99679281967,50.0,1737337908.276,0.7890625,2.3125,8.460938
47397.96363094903,-170638.28478282885,59.4,1737337908.276,1.7890625,7.1640625,9.757812
47403.02556772192,-170634.22980611539,50.4,1737337908.276,-1.734375,1.71875,-2.921875
47393.23733838863,-170645.5882871074,80.2,1737337908.276,3.96875,15.5859375,-0.6484375
47400.78795946617,-170635.28865504306,57.5,1737337908.276,0.0546875,3.4296875,2.921875
47400.78722108708,-170637.9395341613,59.0,1737337908.276,-0.78125,5.9453125,6.507812
47400.34947093845,-170637.22583704285,57.2,1737337908.276,-0.140625,5.40625,-4.226562
47400.92025512851,-170637.36628428526,79.8,1737337908.276,-0.7265625,5.359375,-0.6484375
47394.0454018424,-170653.45639698734,56.1,1737337908.276,0.71875,22.796875,5.53125
47395.73312983892,-170654.00128130242,56.4,1737337908.276,-1.0546875,22.78125,-6.179688
47397.217440511624,-170649.489123729,57.2,1737337908.276,-1.0390625,18.03125,-6.179688
47396.08228446307,-170647.6789670155,82.7,1737337908.276,0.609375,16.671875,-0.6484375
47398.438483590144,-170642.84754136475,76.1,1737337908.276,-0.1015625,11.34375,-0.6484375
47394.197503707845,-170655.59824706634,74.6,1737337908.276,-0.1015625,24.78125,0.0
47397.116165611485,-170645.73398438146,55.3,1737337908.276,0.2421875,14.5,2.601562
47399.93061104022,-170638.955481701,58.0,1737337908.276,-0.2890625,7.1796875,-10.085939999999999
47403.205251335996,-170635.4895997128,87.1,1737337908.35,-2.734375,2.390625,0.0
47401.93357312717,-170634.78213217686,52.5,1737337908.35,-1.28125,2.3125,3.25
47398.565790934445,-170631.9391294184,54.9,1737337908.35,2.9921875,1.234375,5.53125
47400.921369243915,-170635.2531334767,54.8,1737337908.35,-0.578125,3.1796875,7.484375
47401.59105606121,-170634.77146914985,54.5,1737337908.35,-0.96875,2.453125,9.109375
47401.131037586296,-170634.89471542108,55.6,1737337908.35,-0.609375,2.765625,-5.53125
47398.36004796792,-170636.31563210767,76.5,1737337908.35,1.2578125,5.2578125,-0.96875
47398.172137163405,-170635.31117204478,80.1,1737337908.35,1.8671875,4.4375,-0.96875
47390.18769266723,-170645.7237130108,86.1,1737337908.35,4.4765625,17.296875,-0.6484375
47392.30043841745,-170646.3287066545,92.4,1737337908.35,2.3125,16.9140625,-0.6484375
47391.4024682983,-170644.16061817086,78.5,1737337908.35,4.0703125,15.359375,-0.6484375
47400.25303703421,-170642.37691606366,88.2,1737337908.35,-3.1015625,9.875,-0.6484375
47398.27166320882,-170635.12502632142,77.3,1737337908.35,1.859375,4.2265625,-0.6484375
47402.50823396037,-170643.26005339777,82.4,1737337908.35,-5.515625,9.6796875,-0.3203125
47401.68367548897,-170638.92845666208,88.8,1737337908.35,-2.875,6.1484375,-0.3203125
47402.66293089736,-170635.05110489868,79.9,1737337908.35,-2.0546875,2.234375,-0.3203125
47399.306516238066,-170633.02209876545,52.3,1737337908.35,1.8515625,1.8828125,3.25
47402.905246051756,-170635.17803979348,54.1,1737337908.35,-2.328125,2.2421875,7.484375
47398.774398702204,-170631.8322910365,52.4,1737337908.35,2.8515625,1.046875,9.109375
47400.78205301648,-170634.57664122243,49.7,1737337908.35,-0.15625,2.6328125,9.109375
47399.54171666278,-170633.8583884684,50.5,1737337908.35,1.2734375,2.53125,-5.53125
47397.37368070514,-170647.404709228,74.5,1737337908.35,-2.71875,15.65625,-0.6484375
47400.85834760059,-170635.2397669851,53.3,1737337908.35,-0.515625,3.1953125,6.828125
47400.428366023916,-170634.85608986972,56.6,1737337908.35,0.0390625,3.0390625,9.109375
47394.453434473915,-170648.20513412476,58.2,1737337908.35,-0.4453125,17.65625,5.203125
47394.25541431744,-170647.23920606248,58.0,1737337908.35,0.15625,16.875,6.507812
47391.17176793488,-170652.09776829224,59.5,1737337908.35,0.796875,22.59375,-5.851562
47398.495366279065,-170638.7461608988,60.5,1737337908.35,0.0703125,7.3828125,-5.851562
47393.92225532157,-170646.38988780102,77.1,1737337908.35,0.828125,16.2578125,-0.6484375
47397.21311096416,-170641.64112993516,76.3,1737337908.35,-0.046875,10.546875,-0.6484375
47405.231172171465,-170638.677513709,84.6,1737337908.426,-5.953125,4.3671875,0.0
47401.70114395288,-170638.92828769554,92.8,1737337908.426,-2.890625,6.140625,0.0
47403.128694234554,-170635.5217864006,85.5,1737337908.426,-2.6796875,2.453125,0.0
47402.82805985956,-170634.78396216847,84.3,1737337908.426,-2.0859375,1.921875,0.0
47409.427632943036,-170644.47193558724,71.8,1737337908.426,-12.265625,7.734375,0.3203125
47403.713695421466,-170635.67685278627,51.4,1737337908.426,-3.2734375,2.3359375,4.554688
47399.71215900338,-170634.86301749776,54.4,1737337908.426,0.6796875,3.359375,4.554688
47396.19313174485,-170634.80621134615,59.5,1737337908.426,3.8671875,4.8515625,9.109375
47397.277580765905,-170647.5838337725,60.3,1737337908.426,-2.7109375,15.859375,-9.109375
47399.16143701325,-170633.19470903074,53.3,1737337908.426,1.90625,2.1015625,-9.109375
47398.76137014369,-170631.93024960766,55.2,1737337908.426,2.8203125,1.140625,-8.78125
47400.196422738816,-170633.99531052398,50.7,1737337908.426,0.625,2.3671875,-3.8984379999999996
47402.35730294196,-170634.51947612735,53.8,1737337908.426,-1.546875,1.890625,-2.921875
47399.15065179513,-170633.1633671756,50.6,1737337908.426,1.9296875,2.078125,-1.945312
47403.603787001535,-170634.06717283258,53.0,1737337908.426,-2.46875,0.9375,-1.625
47392.31448077522,-170646.33555886682,91.1,1737337908.426,2.296875,16.9140625,-0.6484375
47398.17915834228,-170635.31459815096,82.9,1737337908.426,1.859375,4.4375,-0.6484375
47408.34008336438,-170646.18404265778,81.8,1737337908.426,-12.0390625,9.75,-0.3203125
47400.24444838108,-170642.57266423944,93.2,1737337908.426,-3.1796875,10.0546875,-0.3203125
47403.59594963028,-170635.0630442423,50.5,1737337908.426,-2.8984375,1.8359375,4.554688
47390.333221511035,-170643.43022846634,57.8,1737337908.426,5.3515625,15.171875,-9.109375
47403.60974760576,-170634.32217861243,52.6,1737337908.426,-2.5859375,1.1640625,-9.109375
47399.05916072783,-170633.45774978868,54.6,1737337908.426,1.8828125,2.3828125,-8.78125
47401.050087354866,-170634.4727220471,45.1,1737337908.426,-0.3515625,2.421875,-3.8984379999999996
47399.46221171446,-170632.86336189142,50.8,1737337908.426,1.78125,1.671875,-2.921875
47399.91603570808,-170634.2670621262,50.5,1737337908.426,0.7578125,2.734375,-1.945312
47401.31122270548,-170634.73923568663,52.4,1737337908.426,-0.703125,2.546875,-1.625
47391.331026968386,-170644.36046831895,74.3,1737337908.426,4.046875,15.5703125,-0.6484375
47400.91693984372,-170637.68501400016,75.7,1737337908.426,-1.640625,5.3671875,-0.6484375
47398.498443946955,-170636.174532664,73.4,1737337908.426,1.1953125,5.0703125,-0.6484375
47398.66516902372,-170636.79485548727,80.4,1737337908.426,0.7734375,5.5546875,-0.6484375
47399.6444168022,-170636.8902041446,80.1,1737337908.426,-0.1484375,5.2109375,-0.6484375
47399.899178199805,-170636.13652569818,72.7,1737337908.426,-0.046875,4.421875,-0.3203125
47399.2491277711,-170635.75847125394,71.3,1737337908.426,0.703125,4.3671875,-0.3203125
47397.774410060374,-170639.70700182987,59.9,1737337908.426,0.296875,8.5625,1.945312
47398.07129853121,-170638.97388002044,60.4,1737337908.426,0.3515625,7.7734375,-5.203125
47393.18499526962,-170648.91620723865,57.2,1737337908.426,0.3828125,18.8515625,-3.25
47394.04521043513,-170646.45857889092,82.3,1737337908.426,0.6875,16.265625,-0.6484375
47391.1111691037,-170654.50223996636,74.6,1737337908.426,-0.203125,24.78125,0.0
47395.261244247675,-170645.74801267663,57.5,1737337908.426,-0.09375,15.09375,5.203125
47405.530538106796,-170641.78718621653,89.8,1737337908.5010002,-7.8359375,6.765625,0.0
47401.48774074164,-170638.75854028107,88.7,1737337908.5010002,-2.8515625,5.9453125,0.0
47402.680585582195,-170635.87408155482,84.9,1737337908.5010002,-2.578125,2.8359375,0.0
47402.66955302799,-170634.82910292654,82.0,1737337908.5010002,-2.0859375,1.9140625,0.0
47409.217418833476,-170644.56896089658,73.5,1737337908.5010002,-12.390625,7.53125,0.3203125
47405.12264254781,-170638.49243117805,87.4,1737337908.5010002,-5.953125,4.03125,0.3203125
47403.493118476814,-170635.32814909721,83.2,1737337908.5010002,-3.046875,1.9765625,0.3203125
47399.217310944114,-170633.5257285183,52.7,1737337908.5010002,1.578125,2.3515625,-6.828125
47391.96809461978,-170645.94943162226,91.6,1737337908.5010002,2.2734375,16.71875,-0.6484375
47391.28504183212,-170643.89419668508,83.8,1737337908.5010002,3.828125,15.2109375,-0.6484375
47397.97475191927,-170635.81185445026,79.9,1737337908.5010002,1.625,4.953125,-0.6484375
47397.51311294748,-170634.1096364272,74.1,1737337908.5010002,2.8203125,3.65625,-0.6484375
47408.28254708394,-170646.19614967713,80.8,1737337908.5010002,-12.3125,9.40625,-0.3203125
47408.2722925356,-170645.3189107333,74.4,1737337908.5010002,-11.8984375,8.6328125,-0.3203125
47399.864303427676,-170642.55503082467,86.6,1737337908.5010002,-3.1640625,10.0625,-0.3203125
47401.24857453568,-170634.97032494866,52.2,1737337908.5010002,-0.890625,2.6953125,-6.828125
47397.54770306831,-170647.2942443672,77.3,1737337908.5010002,-3.296875,15.3359375,-0.6484375
47400.60526614658,-170635.20800378782,56.1,1737337908.5010002,-0.4296875,3.203125,7.8046880000000005
47398.491054054626,-170636.5120894663,57.1,1737337908.5010002,0.84375,5.3359375,-10.085939999999999
47399.741463692386,-170635.68321972128,54.6,1737337908.5010002,0.1171875,4.0234375,-2.601562
47400.001700246794,-170635.14930948644,52.6,1737337908.5010002,0.1328125,3.4296875,-2.601562
47399.82795072381,-170636.60013060016,75.0,1737337908.5010002,-0.3828125,4.796875,-0.3203125
47399.610496218666,-170635.13948017274,71.3,1737337908.5010002,0.484375,3.6015625,0.0
47399.46708446959,-170637.09047950702,54.4,1737337908.5010002,-0.2890625,5.3984375,-10.085939999999999
47399.9701611416,-170635.8022355265,50.9,1737337908.5010002,-0.140625,4.0234375,-7.484375
47399.591899087034,-170636.93525656144,75.1,1737337908.5010002,-0.328125,5.203125,-0.6484375
47397.684039028194,-170639.73825033553,58.2,1737337908.5010002,0.0703125,8.5703125,5.851562
47394.331726829616,-170648.44770458108,58.2,1737337908.5010002,-0.9765625,17.84375,8.78125
47395.730214978816,-170644.94808233052,61.6,1737337908.5010002,-0.6015625,14.09375,9.109375
47395.002682385275,-170644.12911436267,58.4,1737337908.5010002,0.421875,13.703125,-9.757812
47398.18379201402,-170638.43946958965,58.9,1737337908.5010002,0.2265625,7.1875,-4.554688
47392.46551867943,-170651.05219693494,80.2,1737337908.5010002,-0.5234375,21.015625,-0.6484375
47394.02729077699,-170646.7480322383,80.3,1737337908.5010002,0.078125,16.4765625,-0.6484375
47396.8092065655,-170642.62087019664,74.1,1737337908.5010002,-0.484375,11.53125,-0.6484375
47390.33214374909,-170654.18699298412,74.1,1737337908.5010002,-0.078125,24.78125,0.0
47393.83918628647,-170648.86952923652,56.0,1737337908.5010002,-0.734375,18.4453125,3.578125
47395.03980991287,-170645.93627607677,56.6,1737337908.5010002,-0.4453125,15.2890625,5.203125
47393.901981643474,-170647.58114414744,55.7,1737337908.5010002,-0.1953125,17.2734375,8.78125
47396.66480196572,-170640.74907362403,56.8,1737337908.5010002,0.5078125,9.9375,-5.851562
47402.55322693918,-170638.881207846,84.3,1737337908.576,-3.1015625,6.0390625,0.0
47403.29719823323,-170635.6199165567,85.3,1737337908.576,-2.6953125,2.71875,0.0
47403.12880722198,-170634.820082019,80.3,1737337908.576,-2.265625,2.0234375,0.0
47406.23047515869,-170637.96471064788,87.2,1737337908.576,-6.25,3.9296875,0.3203125
47399.72557646502,-170633.9169743717,51.0,1737337908.576,1.2421875,2.328125,5.203125
47399.42280702008,-170634.9870898185,53.5,1737337908.576,1.1640625,3.4375,-9.109375
47401.62957792018,-170634.78614335886,49.4,1737337908.576,-0.84375,2.5,-8.132812
47403.21744839905,-170634.5281550504,49.6,1737337908.576,-2.25,1.71875,-5.203125
47390.235654616525,-170636.16764734156,77.4,1737337908.576,9.40625,7.6640625,-0.96875
47393.859925098564,-170647.09954503158,91.1,1737337908.576,2.2890625,16.71875,-0.6484375
47395.07527546506,-170646.81521098522,80.5,1737337908.576,1.2421875,16.0390625,-0.6484375
47392.896741528566,-170645.14115847662,82.8,1737337908.576,3.859375,15.203125,-0.6484375
47398.31754628847,-170635.01214414058,77.8,1737337908.576,2.1953125,3.8359375,-0.6484375
47389.875264527414,-170641.54376589696,75.1,1737337908.576,7.921875,12.84375,-0.3203125
47404.11842445701,-170643.01656540256,84.9,1737337908.576,-5.9765625,9.3984375,-0.3203125
47401.37824355954,-170642.69300721743,90.9,1737337908.576,-3.2890625,10.0234375,-0.3203125
47401.58343845536,-170635.9736978631,75.6,1737337908.576,-1.203125,3.6328125,0.0
47401.642029229384,-170635.18926078134,71.0,1737337908.576,-0.9921875,2.875,0.0
47401.871858360515,-170634.78214229122,49.2,1737337908.576,-1.0703125,2.4140625,5.203125
47401.8625648094,-170635.7753622545,53.5,1737337908.576,-1.3984375,3.3515625,-9.109375
47398.86839667113,-170634.10621403085,50.3,1737337908.576,1.984375,2.796875,-8.132812
47398.848687735335,-170632.27206204398,49.2,1737337908.576,2.625,1.078125,-5.203125
47399.771154280235,-170648.11792899153,72.3,1737337908.576,-3.6171875,15.671875,-0.6484375
47395.2618583752,-170646.45893864313,73.9,1737337908.576,1.1875,15.640625,-0.6484375
47400.689458645764,-170635.6430796531,55.5,1737337908.576,-0.25,3.625,-4.875
47399.439266401816,-170636.8532892398,77.3,1737337908.576,0.515625,5.1875,-0.6484375
47400.542667796,-170635.17491824646,54.4,1737337908.576,0.046875,3.234375,4.554688
47400.645658512854,-170635.00443140292,52.2,1737337908.576,0.0078125,3.0390625,9.4375
47400.748663239414,-170637.27554767646,75.7,1737337908.576,-0.859375,5.140625,-0.6484375
47399.27479867196,-170640.16572307976,60.5,1737337908.576,-0.453125,8.359375,6.179688
47397.8802288276,-170643.25058232938,57.7,1737337908.576,-0.1875,11.734375,8.460938
47396.48801232488,-170646.95084194158,60.8,1737337908.576,-0.1328125,15.6875,9.4375
47395.39407720008,-170651.59742353382,57.6,1737337908.576,-0.6796875,20.4296875,-5.203125
47397.037959490255,-170645.4715580704,57.7,1737337908.576,-0.1484375,14.109375,-2.601562
47395.309659575774,-170647.33986733368,80.7,1737337908.576,0.84375,16.453125,-0.6484375
47393.462505503776,-170655.52676776846,75.1,1737337908.576,-0.1953125,24.78125,0.0
47398.9915125417,-170638.60195080284,57.0,1737337908.576,0.34375,6.984375,10.085939999999999
47393.84020528905,-170652.0835932474,55.9,1737337908.576,0.6171875,21.4140625,-7.484375
47405.965218008445,-170641.60138555127,102.0,1737337908.651,-8.15625,6.375,0.0
47405.739899630644,-170640.38453479245,83.2,1737337908.651,-7.40625,5.390625,0.0
47404.783720505664,-170639.31475102867,81.2,1737337908.651,-6.0703125,4.8671875,0.0
47405.143788323134,-170638.46380394895,80.8,1737337908.651,-6.0078125,3.9453125,0.0
47402.87022446456,-170635.82653737935,81.1,1737337908.651,-2.7890625,2.6171875,0.0
47402.457445034415,-170635.13645072727,75.9,1737337908.651,-2.109375,2.1875,0.0
47399.16953577551,-170632.75682593946,51.5,1737337908.651,1.8984375,1.546875,10.085939999999999
47399.35146638983,-170635.1159902267,55.9,1737337908.651,0.671875,3.5703125,-6.179688
47391.910843196005,-170646.07898417686,89.8,1737337908.651,2.3671875,16.7109375,-0.6484375
47393.189082423516,-170646.19982710152,86.3,1737337908.651,1.171875,16.2421875,-0.6484375
47391.14784674144,-170643.9688594295,84.1,1737337908.651,4.0,15.171875,-0.6484375
47408.67335076891,-170645.5437577673,80.0,1737337908.651,-12.3515625,8.671875,-0.3203125
47400.90550429961,-170644.14744663998,87.5,1737337908.651,-4.7890625,10.9296875,-0.3203125
47402.582652588164,-170643.32317596037,89.1,1737337908.651,-5.9140625,9.4375,-0.3203125
47402.073924171375,-170640.58874799876,85.0,1737337908.651,-4.2265625,7.2265625,-0.3203125
47402.30011222375,-170639.18867960616,84.0,1737337908.651,-3.796875,5.875,-0.3203125
47401.66929116992,-170638.82607273452,80.1,1737337908.651,-3.0703125,5.8359375,-0.3203125
47400.9617330788,-170636.01741064392,73.3,1737337908.651,-1.171875,3.6484375,0.0
47399.341007071824,-170634.30536259015,70.6,1737337908.651,1.046875,2.8515625,0.0
47401.5482535817,-170632.89991182668,72.0,1737337908.651,-0.2890625,0.6015625,0.0
47400.70966136446,-170634.52442660026,51.3,1737337908.651,-0.2734375,2.4296875,10.085939999999999
47401.867360768636,-170635.85363228546,52.1,1737337908.651,-1.90625,3.09375,-6.179688
47393.43952322649,-170645.65237284586,81.5,1737337908.651,1.1953125,15.640625,-0.6484375
47399.024329340136,-170637.2353618868,60.0,1737337908.651,0.0078125,5.609375,2.921875
47398.833608787405,-170636.90261514025,58.3,1737337908.651,0.328125,5.3984375,8.132812
47400.00756258066,-170635.29003672313,57.6,1737337908.651,0.0078125,3.4296875,-10.414060000000001
47399.74480654464,-170636.26019813845,57.5,1737337908.651,-0.1953125,4.4140625,-9.109375
47399.748975349015,-170636.91007959098,75.8,1737337908.651,-0.4921875,4.9921875,-0.6484375
47390.74674484043,-170651.86330890981,57.7,1737337908.651,0.796875,22.3984375,4.875
47393.480866217156,-170646.59240834185,85.6,1737337908.651,0.734375,16.4609375,-0.6484375
47390.50161063296,-170654.40929073966,74.4,1737337908.651,-0.1328125,24.78125,0.0
47394.64045884344,-170645.8742032361,55.8,1737337908.651,0.0234375,15.296875,4.554688
47392.16185637803,-170651.03790160018,56.3,1737337908.651,-0.09375,21.0234375,5.851562
47390.406722500964,-170652.12038179598,49.9,1737337908.651,0.984375,22.78125,7.8046880000000005
47405.20134955699,-170638.88681420998,84.6,1737337908.726,-6.25,4.296875,0.0
47401.79509912051,-170638.8196306702,87.3,1737337908.726,-3.1796875,5.7734375,0.0
47402.6987543294,-170635.88868360134,83.7,1737337908.726,-2.6640625,2.75,0.0
47402.768895429406,-170635.02250335776,82.1,1737337908.726,-2.3359375,1.9453125,0.0
47401.73363255418,-170635.26957273908,54.0,1737337908.726,-1.5234375,2.6328125,4.875
47401.539690969286,-170634.87392201726,52.8,1737337908.726,-1.171875,2.3671875,7.8046880000000005
47392.95561761703,-170646.05556495488,75.4,1737337908.726,1.4453125,16.21875,-0.96875
47392.01535479507,-170646.14931529574,90.1,1737337908.726,2.2421875,16.7265625,-0.6484375
47391.40545005496,-170644.18659795186,85.2,1737337908.726,3.671875,15.25,-0.6484375
47398.37353742249,-170635.83847721922,78.5,1737337908.726,1.21875,4.65625,-0.6484375
47397.97269434874,-170634.81302899116,77.8,1737337908.726,2.0390625,3.921875,-0.6484375
47408.52977060028,-170645.62000052322,79.8,1737337908.726,-12.2578125,8.8046875,-0.3203125
47402.54419022122,-170643.32999690127,86.8,1737337908.726,-5.8828125,9.4609375,-0.3203125
47401.35980861121,-170635.26445732365,72.3,1737337908.726,-1.1875,2.796875,0.0
47399.191173696614,-170633.40678316727,50.5,1737337908.726,1.5859375,2.1171875,7.8046880000000005
47400.10961090088,-170635.12277269945,56.4,1737337908.726,-0.0078125,3.234375,-7.484375
47399.836774423486,-170635.19496089453,54.7,1737337908.726,0.203125,3.421875,-7.15625
47399.19208532291,-170636.4185195119,75.3,1737337908.726,0.2265625,4.8046875,-0.6484375
47392.16121170713,-170650.38104765606,58.7,1737337908.726,0.203125,20.4375,1.625
47392.300701169064,-170652.8588200763,59.0,1737337908.726,-1.0390625,22.5859375,3.25
47395.200873003036,-170646.35879082355,58.3,1737337908.726,-0.6953125,15.4765625,6.507812
47392.614611359415,-170648.15041923127,56.2,1737337908.726,0.8046875,18.2421875,10.085939999999999
47397.22429335414,-170641.42022081837,58.2,1737337908.726,-0.2734375,10.15625,-6.179688
47398.095966728644,-170639.41850951905,56.0,1737337908.726,-0.1484375,7.9765625,7.15625
47396.866461489524,-170642.56117039087,54.9,1737337908.726,-0.46875,11.3359375,-9.757812
47402.64867463608,-170639.13298277245,87.4,1737337908.801,-4.03125,5.7109375,0.0
47406.196736586564,-170641.4535849322,89.9,1737337908.801,-8.234375,6.265625,0.3203125
47404.689051051886,-170638.89140325374,80.7,1737337908.801,-5.765625,4.609375,0.3203125
47403.09489061885,-170635.71558056038,80.6,1737337908.801,-2.953125,2.4375,0.3203125
47398.93459503289,-170632.90138016947,52.2,1737337908.801,2.015625,1.703125,5.203125
47386.205324448514,-170639.40422258273,61.4,1737337908.801,10.671875,13.078125,5.53125
47401.030360781995,-170634.63669869295,53.4,1737337908.801,-0.625,2.359375,6.507812
47397.78426868479,-170635.31296187936,61.1,1737337908.801,2.0078125,4.375,6.828125
47398.65491123287,-170633.33904712345,52.2,1737337908.801,2.078125,2.21875,8.78125
47392.97729719563,-170637.39738202153,62.0,1737337908.801,5.4375,8.3359375,9.757812
47399.70590494365,-170634.18219772837,52.4,1737337908.801,0.765625,2.5234375,9.757812
47396.67333568083,-170639.5724033945,60.0,1737337908.801,1.1640625,8.6953125,10.085939999999999
47392.37436894123,-170646.20891596016,85.5,1737337908.801,2.1640625,16.5390625,-0.6484375
47391.6865050481,-170644.23143037956,87.2,1737337908.801,3.640625,15.0546875,-0.6484375
47398.772644840705,-170635.72729525328,79.9,1737337908.801,0.9375,4.3203125,-0.6484375
47408.557014604216,-170645.57834945954,82.7,1737337908.801,-12.1484375,8.9609375,-0.3203125
47397.699009840886,-170632.76696289814,72.7,1737337908.801,3.1875,2.1171875,0.3203125
47402.57844159322,-170634.64392691452,51.9,1737337908.801,-2.0234375,1.6953125,5.203125
47399.04839334681,-170632.35798576128,50.8,1737337908.801,2.1484375,1.1640625,6.507812
47399.05024715082,-170634.9332439175,51.4,1737337908.801,1.03125,3.484375,8.78125
47401.896088900976,-170635.25212512017,50.6,1737337908.801,-1.671875,2.5390625,8.78125
47400.65814893874,-170634.74385632368,49.3,1737337908.801,-0.3359375,2.6171875,9.757812
47398.56439195751,-170640.50723940445,54.9,1737337908.801,-0.9453125,8.71875,10.085939999999999
47398.07397757088,-170647.35322552448,78.3,1737337908.801,-3.46875,15.1015625,-0.6484375
47398.219580868565,-170635.2187941542,73.8,1737337908.801,1.65625,4.1015625,-0.6484375
47399.971656063935,-170635.7574562247,53.8,1737337908.801,-0.15625,3.828125,5.851562
47400.449763888944,-170635.71852748573,54.8,1737337908.801,-0.5703125,3.5859375,8.78125
47399.157805611765,-170636.22444612868,76.5,1737337908.801,0.375,4.6015625,-0.6484375
47399.73928612072,-170635.64578037846,53.7,1737337908.801,0.1015625,3.828125,5.851562
47393.119006749774,-170648.46505599446,58.1,1737337908.801,0.515625,18.25,4.875
47396.26819370191,-170644.27505942553,58.6,1737337908.801,-0.5078125,13.109375,7.8046880000000005
47397.61090911071,-170640.75976831655,59.2,1737337908.801,-0.1953125,9.359375,-7.15625
47391.663877609186,-170650.82549792307,56.3,1737337908.801,0.8046875,21.0078125,-5.851562
47394.03856185887,-170646.71401014546,82.6,1737337908.801,0.4453125,16.2734375,-0.6484375
47397.353716252575,-170641.2949233373,58.0,1737337908.801,-0.1953125,9.953125,-6.179688
47392.487065186746,-170653.18873181313,54.1,1737337908.801,-0.9609375,22.78125,-1.625
47392.2346182301,-170650.90043127295,78.7,1737337908.801,0.2578125,20.828125,-0.6484375
47406.74358488488,-170641.35167322605,88.1,1737337908.8760002,-7.6015625,7.3125,0.0
47403.66078142327,-170638.8550354352,83.8,1737337908.8760002,-3.9453125,5.7734375,0.0
47403.05542047821,-170638.6143789007,84.3,1737337908.8760002,-3.296875,5.7109375,0.0
47406.23280978254,-170638.1205592441,87.2,1737337908.8760002,-6.2109375,4.3515625,0.3203125
47404.11623838934,-170634.98497427226,81.2,1737337908.8760002,-3.3046875,1.9296875,0.3203125
47403.2557013603,-170634.41813687494,80.5,1737337908.8760002,-2.3203125,1.625,0.3203125
47402.78205486567,-170639.0801011553,66.1,1737337908.8760002,-3.1640625,6.234375,1.296875
47400.979386084815,-170635.0024827106,54.7,1737337908.8760002,-0.296875,2.8203125,-10.414060000000001
47400.5908077342,-170634.49118884574,53.0,1737337908.8760002,0.21875,2.4375,-10.414060000000001
47401.67569565312,-170635.0417528679,53.3,1737337908.8760002,-0.9765625,2.6640625,-8.460938
47391.56756526977,-170646.10939730456,58.5,1737337908.8760002,5.6484375,16.109375,-8.132812
47394.75148387405,-170647.47213245378,84.8,1737337908.8760002,2.2109375,16.53125,-0.6484375
47393.57233378753,-170645.5357704908,86.3,1737337908.8760002,3.8828125,15.0,-0.6484375
47398.28259550948,-170635.26964514918,78.1,1737337908.8760002,2.21875,3.828125,-0.6484375
47397.64342538313,-170651.27186992814,79.7,1737337908.8760002,-1.625,19.375,-0.3203125
47410.53387165041,-170644.04537712366,77.5,1737337908.8760002,-11.9921875,8.84375,-0.3203125
47402.15944706926,-170642.34853687164,81.6,1737337908.8760002,-3.4765625,9.546875,-0.3203125
47403.04687674589,-170634.57719966702,54.4,1737337908.8760002,-2.1640625,1.8359375,-10.414060000000001
47399.27679394132,-170633.27221707985,52.7,1737337908.8760002,1.8203125,1.6328125,-10.414060000000001
47398.684652943535,-170632.67747785812,48.9,1737337908.8760002,2.5546875,1.2265625,-8.460938
47389.70431883622,-170644.56843488794,58.2,1737337908.8760002,7.8671875,15.1484375,-8.132812
47398.99199545699,-170636.32952185356,73.7,1737337908.8760002,1.2421875,4.6484375,-0.6484375
47399.53200474561,-170642.18028250686,76.2,1737337908.8760002,-0.90625,10.1171875,-0.3203125
47400.63144252278,-170635.33269145776,55.6,1737337908.8760002,-0.0546875,3.234375,2.921875
47400.4179079534,-170635.05926081608,55.1,1737337908.8760002,0.2265625,3.03125,5.851562
47399.86042543691,-170636.5325970274,58.3,1737337908.8760002,0.3515625,4.6015625,6.828125
47400.55829374353,-170635.10811321106,54.9,1737337908.8760002,0.078125,3.0390625,9.109375
47399.787569043656,-170636.50333106174,55.8,1737337908.8760002,0.4296875,4.59375,-2.273438
47400.54695817037,-170637.1384449556,76.5,1737337908.8760002,-0.4765625,4.9921875,-0.3203125
47400.13275156381,-170635.79000101864,72.8,1737337908.8760002,0.296875,3.8125,0.0
47400.58047888705,-170635.73276819946,54.1,1737337908.8760002,-0.1171875,3.6328125,2.273438
47400.420994140906,-170636.70332053825,55.5,1737337908.8760002,-0.234375,4.609375,-2.273438
47399.34981364265,-170636.75054916574,72.7,1737337908.8760002,0.78125,4.953125,-0.3203125
47399.382068497136,-170638.88300326918,59.9,1737337908.8760002,0.15625,6.9921875,8.78125
47396.31801000762,-170648.07291301194,61.4,1737337908.8760002,0.5390625,16.671875,-4.875
47396.28861398378,-170647.64139403476,89.1,1737337908.8760002,0.6875,16.265625,-0.6484375
47394.771852123406,-170656.06804909414,75.9,1737337908.8760002,-0.203125,24.78125,0.0
47395.43035199379,-170652.14299641098,55.4,1737337908.8760002,0.2578125,20.828125,-6.828125
47395.84088715071,-170649.57769145875,54.6,1737337908.8760002,0.578125,18.25,-3.8984379999999996
47405.03123289326,-170638.94292563072,87.0,1737337908.95,-6.0703125,4.546875,0.0
47402.91981867602,-170639.12647468984,84.9,1737337908.95,-4.21875,5.578125,0.0
47403.080723898165,-170635.73112039338,82.7,1737337908.95,-2.9765625,2.4140625,0.0
47402.86909818557,-170634.94274525516,81.1,1737337908.95,-2.4609375,1.78125,0.0
47408.736595496826,-170644.7908018384,67.2,1737337908.95,-11.84375,8.3671875,0.3203125
47399.23976561928,-170633.5467965948,54.1,1737337908.95,1.421875,1.9921875,2.921875
47403.140999909054,-170634.50813412372,52.0,1737337908.95,-2.53125,1.2734375,6.507812
47399.44648267947,-170634.13605177743,54.3,1737337908.95,0.9921875,2.4453125,-5.53125
47392.57193680265,-170646.49079199345,87.4,1737337908.95,2.2109375,16.53125,-0.6484375
47391.65459401538,-170644.39286919642,88.4,1737337908.95,3.90625,14.9921875,-0.6484375
47398.41835601622,-170636.1237671004,81.4,1737337908.95,1.1171875,4.6796875,-0.6484375
47398.08359797936,-170634.65518414907,73.1,1737337908.95,2.0234375,3.4765625,-0.6484375
47408.72477737023,-170645.25639745392,79.2,1737337908.95,-12.0234375,8.796875,-0.3203125
47401.630753644844,-170644.04517339886,85.2,1737337908.95,-5.0546875,10.59375,-0.3203125
47403.01331228172,-170643.3293803138,83.2,1737337908.95,-6.0234375,9.375,-0.3203125
47402.31749116621,-170640.43179149492,83.6,1737337908.95,-4.203125,7.015625,-0.3203125
47400.40887777295,-170634.56751603636,49.3,1737337908.95,-0.0625,2.4453125,2.921875
47400.956803923866,-170635.12138566189,50.6,1737337908.95,-0.7890625,2.7265625,6.507812
47402.07871239377,-170636.26649162825,65.6,1737337908.95,-2.28125,3.3125,-0.6484375
47400.10033629175,-170635.29392220645,53.9,1737337908.95,-0.078125,3.234375,-9.4375
47399.43483477225,-170636.5109846651,76.3,1737337908.95,0.03125,4.6171875,-0.6484375
47392.736977639346,-170650.4004289999,57.1,1737337908.95,0.4609375,20.03125,0.6484375
47394.827192103134,-170645.48987430206,58.7,1737337908.95,0.5625,14.6953125,-3.25
47393.60453644039,-170649.49655796928,79.9,1737337908.95,0.0390625,18.8515625,-0.6484375
47394.13169176276,-170646.90753029517,84.9,1737337908.95,0.6171875,16.2734375,-0.6484375
47396.96820571173,-170642.77676796765,73.1,1737337908.95,-0.28125,11.34375,-0.6484375
47391.385485219726,-170655.00004196528,74.0,1737337908.95,-0.1875,24.78125,0.0
47406.186765140505,-170641.46441754926,95.4,1737337909.025,-8.15625,6.375,0.0
47404.94937060998,-170638.99184193532,93.8,1737337909.025,-6.015625,4.625,0.0
47402.1250711383,-170638.8557878397,91.0,1737337909.025,-3.3828125,5.65625,0.0
47403.80175316372,-170635.2495741155,78.1,1737337909.025,-3.4375,1.6796875,0.3203125
47403.492533883866,-170634.46881574552,74.9,1737337909.025,-2.8359375,1.09375,0.3203125
47386.49583283799,-170640.31636382965,62.0,1737337909.025,10.28125,13.3828125,0.6484375
47399.10624942015,-170634.36023240612,55.0,1737337909.025,1.2109375,2.7890625,6.828125
47390.33471164068,-170645.35080422607,85.9,1737337909.025,4.71875,16.40625,-0.6484375
47392.49671545621,-170646.44850679388,84.4,1737337909.025,2.296875,16.5234375,-0.6484375
47391.79225258207,-170644.50595500573,87.1,1737337909.025,3.734375,15.0390625,-0.6484375
47401.59904220312,-170644.0395181252,85.4,1737337909.025,-5.0234375,10.6015625,-0.3203125
47403.07428575488,-170643.11698831635,90.2,1737337909.025,-5.9921875,9.15625,-0.3203125
47402.40795588094,-170640.4209786951,83.4,1737337909.025,-4.28125,6.96875,-0.3203125
47401.46832935901,-170636.13839166082,70.3,1737337909.025,-1.671875,3.4453125,0.3203125
47399.59665683501,-170634.7941362435,68.8,1737337909.025,0.5859375,2.984375,0.3203125
47401.612907231676,-170635.33847676514,52.4,1737337909.025,-1.4765625,2.65625,6.828125
47398.61063164595,-170647.5542323125,77.5,1737337909.025,-3.734375,15.03125,-0.6484375
47400.64631077987,-170635.47020168905,69.6,1737337909.025,-0.6484375,3.171875,-0.6484375
47400.073304292266,-170635.06776041962,54.2,1737337909.025,0.0390625,3.0390625,1.625
47399.13713558624,-170636.58300014824,56.4,1737337909.025,0.2734375,4.8046875,-9.757812
47398.86944505291,-170636.20613696298,80.2,1737337909.025,0.671875,4.5703125,-0.6484375
47399.53835215051,-170635.8981423883,66.1,1737337909.025,0.1875,4.015625,-0.6484375
47399.87215401955,-170636.68136000037,78.7,1737337909.025,-0.4375,4.59375,-0.6484375
47391.787736606195,-170653.01426847337,55.9,1737337909.025,0.2578125,22.8046875,1.945312
47394.536323736924,-170646.88345528525,58.2,1737337909.025,0.2578125,16.0859375,-9.4375
47398.8346881354,-170638.61351808178,59.4,1737337909.025,-0.28125,6.78125,-6.179688
47397.8562538934,-170639.70740888902,56.8,1737337909.025,0.1640625,8.1796875,-2.273438
47394.006568448494,-170646.84287287475,88.3,1737337909.025,0.7578125,16.265625,-0.6484375
47391.392614072276,-170655.00323799686,74.5,1737337909.025,-0.1953125,24.78125,0.0
47406.59073624136,-170645.83983470107,76.0,1737337909.109,-11.4140625,8.9453125,0.0
47405.164120774745,-170641.93721323006,102.6,1737337909.109,-8.21875,6.2890625,0.0
47404.24414550343,-170639.32342897033,79.7,1737337909.109,-6.109375,4.4921875,0.0
47401.52437002157,-170639.15144309672,90.5,1737337909.109,-3.671875,5.7109375,0.0
47402.580616252206,-170635.73490464187,78.3,1737337909.109,-2.8671875,2.2265625,0.0
47403.86807920004,-170635.9143411452,78.0,1737337909.109,-4.0703125,1.734375,0.3203125
47401.222723235085,-170635.0083850925,52.2,1737337909.109,-1.328125,2.28125,4.226562
47398.7009878596,-170633.144015851,53.1,1737337909.109,1.7890625,1.9375,8.460938
47389.11741486538,-170633.22765997882,61.6,1737337909.109,10.03125,6.828125,-3.578125
47399.52778624952,-170634.13102157606,52.0,1737337909.109,0.578125,2.375,-3.578125
47388.902145419335,-170634.6388870681,76.4,1737337909.109,9.5078125,8.15625,-0.96875
47391.28128720293,-170645.51238953767,86.2,1737337909.109,1.984375,16.359375,-0.6484375
47390.4258142913,-170643.20725672395,85.4,1737337909.109,3.8828125,14.796875,-0.6484375
47397.69358382152,-170633.85049596734,70.4,1737337909.109,2.3046875,3.0546875,-0.6484375
47387.29338065563,-170639.59586245022,82.6,1737337909.109,8.40625,13.25,-0.3203125
47401.87551550396,-170634.92713540627,51.6,1737337909.109,-1.8515625,1.8828125,4.226562
47398.829987474266,-170632.87560724188,48.3,1737337909.109,1.8125,1.640625,-3.578125
47396.144962570535,-170648.04297563978,77.9,1737337909.109,-3.4921875,16.1015625,-0.6484375
47402.423501009675,-170636.00503618494,63.2,1737337909.109,-2.8671875,2.5390625,-0.6484375
47398.55078477183,-170637.06945591007,72.7,1737337909.109,-0.0546875,5.40625,-0.6484375
47398.283335084256,-170635.92877570566,77.3,1737337909.109,0.75,4.5546875,-0.6484375
47398.154617468885,-170637.29996507664,56.6,1737337909.109,0.171875,5.8046875,3.8984379999999996
47398.99477377923,-170636.4148689312,55.3,1737337909.109,-0.109375,4.6171875,-7.15625
47399.048800087854,-170636.44629197972,72.8,1737337909.109,-0.171875,4.6171875,-0.6484375
47396.68986139825,-170639.64742254125,59.4,1737337909.109,0.2578125,8.5703125,1.296875
47395.6021921191,-170643.11798730475,57.6,1737337909.109,-0.546875,12.1171875,4.554688
47396.979427228085,-170640.0508251459,60.5,1737337909.109,-0.1953125,8.7734375,7.15625
47396.901490067234,-170640.2314410035,56.3,1737337909.109,-0.21875,8.96875,8.460938
47392.195745001794,-170647.32763458733,57.3,1737337909.109,0.28125,17.46875,9.4375
47393.465286373554,-170646.6832416603,60.7,1737337909.109,-0.4921875,16.2734375,-2.921875
47392.31157650042,-170645.9941395403,83.5,1737337909.109,0.8515625,16.2578125,-0.6484375
47388.90418577574,-170653.87260191608,75.4,1737337909.109,-0.1640625,24.78125,0.0
47396.91947320987,-170639.7809704974,55.9,1737337909.109,-0.0078125,8.5703125,5.203125
47390.361091188985,-170652.42436252974,53.2,1737337909.109,-0.6953125,22.796875,-5.851562
47406.752915944475,-170641.07350510734,100.7,1737337909.175,-8.3515625,6.1171875,0.0
47405.05664265766,-170638.86740932596,89.6,1737337909.175,-5.96875,4.6796875,0.0
47402.334800167155,-170639.0285324585,88.9,1737337909.175,-3.4921875,5.8203125,0.0
47401.5914805,-170635.34948822155,73.3,1737337909.175,-1.4609375,2.6640625,0.0
47403.62222495468,-170635.3041724156,77.3,1737337909.175,-3.3359375,1.8828125,0.3203125
47410.90610373611,-170645.90032085974,62.4,1737337909.175,-13.9765625,9.1015625,0.96875
47400.42676022715,-170634.6595554332,53.5,1737337909.175,-0.125,2.4453125,-7.15625
47398.570158101866,-170632.54179404108,51.2,1737337909.175,2.375,1.1484375,-2.273438
47393.39833468398,-170646.85184121275,88.4,1737337909.175,1.984375,16.359375,-0.6484375
47392.19143571178,-170644.70275066473,86.7,1737337909.175,3.890625,14.796875,-0.6484375
47398.35395600504,-170635.97174986955,76.2,1737337909.175,1.328125,4.421875,-0.6484375
47397.734743963934,-170634.37939852776,68.5,1737337909.175,2.484375,3.1640625,-0.6484375
47409.818682832265,-170645.44189427016,82.8,1737337909.175,-12.796875,9.0703125,-0.3203125
47409.33344818998,-170644.81614551702,78.4,1737337909.175,-12.1171875,8.6640625,-0.3203125
47403.37131505139,-170643.26667966894,87.5,1737337909.175,-6.0,9.390625,-0.3203125
47398.83766676392,-170632.97343353287,50.7,1737337909.175,1.96875,1.453125,-7.15625
47401.73171115706,-170634.9261823016,50.8,1737337909.175,-1.4375,2.21875,-2.273438
47398.90952996369,-170634.33514999226,52.3,1737337909.175,1.40625,2.6953125,-1.945312
47399.04847460123,-170635.73985176257,67.6,1737337909.175,0.765625,3.953125,-0.6484375
47403.017195517816,-170635.478771358,64.5,1737337909.175,-2.8359375,2.265625,-0.6484375
47399.311124479085,-170637.19288751335,67.4,1737337909.175,-0.0078125,5.2109375,-0.6484375
47399.41539642263,-170635.72384950356,69.4,1737337909.175,0.4296875,3.8046875,0.0
47398.56980810328,-170636.8361398734,67.2,1737337909.175,0.8125,5.1484375,-0.6484375
47399.07729826278,-170636.43890193928,73.9,1737337909.175,0.484375,4.59375,-0.6484375
47395.68646784657,-170647.24259850208,55.2,1737337909.175,-0.2890625,15.890625,0.96875
47397.64353128685,-170641.63263767306,59.5,1737337909.175,-0.0703125,9.953125,2.921875
47397.805298349216,-170640.63899780516,56.5,1737337909.175,0.140625,8.96875,4.226562
47398.217940202376,-170639.0891418889,60.1,1737337909.175,0.3203125,7.375,10.085939999999999
47392.03348975542,-170653.22161569333,54.5,1737337909.175,0.9375,22.7890625,-3.25
47395.498960001954,-170647.37902716792,76.4,1737337909.175,-0.1640625,16.0859375,-0.6484375
47392.23990773902,-170655.4411207398,74.3,1737337909.175,-0.0625,24.78125,0.0
47405.66556928342,-170640.3515613375,85.9,1737337909.2510002,-7.4140625,5.390625,0.0
47404.96775893547,-170638.9268134926,84.5,1737337909.2510002,-6.1953125,4.375,0.0
47402.03864149944,-170639.12286223256,85.2,1737337909.2510002,-3.6015625,5.75,0.0
47401.42481097239,-170635.42488563288,71.8,1737337909.2510002,-1.53125,2.625,0.0
47408.74896415687,-170644.95737301942,72.5,1737337909.2510002,-12.109375,8.3359375,0.3203125
47403.991750699686,-170635.75150812566,76.3,1737337909.2510002,-4.0078125,1.875,0.3203125
47403.40227263903,-170635.46214849662,76.3,1737337909.2510002,-3.3515625,1.8515625,0.3203125
47400.83760794626,-170649.0783367809,60.1,1737337909.2510002,-6.5703125,15.328125,2.273438
47402.04220715913,-170634.65692130153,52.0,1737337909.2510002,-1.78125,1.671875,2.273438
47393.13318882731,-170647.28380168366,61.3,1737337909.2510002,1.1953125,16.8359375,2.601562
47399.56891311934,-170634.31227872314,56.5,1737337909.2510002,0.6171875,2.3671875,5.53125
47402.286011114345,-170635.20246258823,53.9,1737337909.2510002,-2.2265625,2.0703125,7.8046880000000005
47400.772296785515,-170635.6208386865,55.1,1737337909.2510002,-1.015625,3.0703125,-9.757812
47398.85404586539,-170633.38485239487,52.2,1737337909.2510002,1.6484375,1.8125,-9.109375
47397.67245298669,-170632.58243272195,56.1,1737337909.2510002,3.0546875,1.5625,-8.78125
47401.09731404793,-170635.0473109264,53.9,1737337909.2510002,-1.078125,2.4140625,-8.78125
47400.929163033514,-170635.0405619377,56.7,1737337909.2510002,-0.921875,2.4765625,-5.851562
47383.86852958769,-170641.82154434902,59.7,1737337909.2510002,11.8828125,15.6328125,-3.25
47398.06961893918,-170634.0096328899,55.6,1737337909.2510002,2.109375,2.703125,-3.25
47392.56789919935,-170646.50031059815,89.1,1737337909.2510002,2.03125,16.3515625,-0.6484375
47393.68170840091,-170646.45935211107,86.7,1737337909.2510002,1.03125,15.859375,-0.6484375
47391.65743409078,-170644.44125308638,87.3,1737337909.2510002,3.703125,14.84375,-0.6484375
47405.503661901756,-170646.0133308616,74.2,1737337909.2510002,-9.578125,10.625,-0.3203125
47402.645921141506,-170643.23727490177,80.9,1737337909.2510002,-5.8359375,9.2578125,-0.3203125
47401.37530016255,-170636.22435435787,70.8,1737337909.2510002,-1.8125,3.375,0.3203125
47399.02859066949,-170633.7025673658,47.0,1737337909.2510002,1.359375,2.03125,2.273438
47390.0224974779,-170645.1306271984,58.2,1737337909.2510002,4.9140625,16.140625,2.601562
47399.047546595895,-170633.73672218627,55.6,1737337909.2510002,1.328125,2.0546875,5.53125
47398.24074824051,-170633.43573626125,49.1,1737337909.2510002,2.1875,2.109375,7.8046880000000005
47398.198539722136,-170633.83622203022,53.6,1737337909.2510002,2.0625,2.4921875,-9.757812
47399.332254360284,-170634.09515653213,51.3,1737337909.2510002,0.921875,2.265625,-9.109375
47398.782744268065,-170633.6781808294,50.6,1737337909.2510002,1.59375,2.109375,-8.78125
47398.481123023485,-170632.76443691278,51.9,1737337909.2510002,2.2421875,1.3984375,-5.851562
47401.25329913309,-170635.827441187,54.7,1737337909.2510002,-1.5390625,3.0625,-3.25
47398.929637397196,-170636.92764999374,72.0,1737337909.2510002,0.1328125,5.015625,-0.6484375
47398.908017374495,-170636.01933668714,71.5,1737337909.2510002,0.5234375,4.1953125,-0.6484375
47400.158616622684,-170635.5003814784,52.2,1737337909.2510002,-0.40625,3.2109375,-3.25
47399.183708261306,-170636.16833367143,71.1,1737337909.2510002,0.2109375,4.21875,-0.6484375
47390.8767097263,-170652.78745492848,53.9,1737337909.2510002,1.0078125,22.78125,-5.203125
47391.02281044054,-170655.04378387256,74.6,1737337909.2510002,-0.046875,24.78125,0.0
47392.549428435625,-170653.54425058025,54.9,1737337909.2510002,-0.828125,22.7890625,-7.8046880000000005
47397.61557174533,-170641.08981114707,57.3,1737337909.2510002,-0.3671875,9.3515625,-6.828125
47402.75872759023,-170639.1967732483,87.2,1737337909.326,-4.2890625,5.5234375,0.0
47402.83346509089,-170635.81536400566,82.1,1737337909.326,-2.9765625,2.40625,0.0
47405.20290121214,-170638.78380042108,82.4,1737337909.326,-6.3515625,4.1484375,0.3203125
47401.31912911195,-170634.83842686756,53.1,1737337909.326,-1.1953125,2.1328125,1.296875
47401.48053113767,-170635.01332687068,52.0,1737337909.326,-1.4140625,2.2265625,4.226562
47400.20401520117,-170635.09276418274,54.2,1737337909.326,-0.28125,2.8203125,-10.085939999999999
47400.47396128736,-170636.9765664924,59.4,1737337909.326,-1.296875,4.4296875,-8.460938
47396.728126847695,-170633.06721944074,60.8,1737337909.326,3.71875,2.390625,-8.132812
47398.90680141321,-170633.8791682856,52.0,1737337909.326,1.3984375,2.2421875,-8.132812
47392.388108219464,-170646.38565286854,88.4,1737337909.326,2.2421875,16.3203125,-0.6484375
47391.77603328695,-170644.27178369323,84.8,1737337909.326,3.6640625,14.640625,-0.6484375
47392.30355448796,-170643.93433405051,75.0,1737337909.326,3.3203125,14.1171875,-0.6484375
47397.91370220139,-170634.85564780727,72.3,1737337909.326,1.90625,3.5390625,-0.6484375
47408.9027086921,-170646.01037297526,83.5,1737337909.326,-12.6796875,9.234375,-0.3203125
47401.04458604633,-170644.138525029,87.8,1737337909.326,-4.7421875,10.734375,-0.3203125
47400.45824336788,-170642.5411177309,91.1,1737337909.326,-3.5546875,9.515625,-0.3203125
47402.370120898886,-170640.48644563265,82.9,1737337909.326,-4.4609375,6.859375,-0.3203125
47401.22963666418,-170635.44028263068,70.1,1737337909.326,-1.359375,2.71875,0.3203125
47398.98825383255,-170633.98407140066,50.5,1737337909.326,1.28125,2.3046875,4.226562
47399.84819027372,-170634.9507142909,53.9,1737337909.326,0.1015625,2.8359375,-10.085939999999999
47398.16090798991,-170635.96757165794,58.3,1737337909.326,1.2265625,4.453125,-8.460938
47399.641177896316,-170634.60991749272,49.5,1737337909.326,0.4296875,2.609375,-8.132812
47399.782414972746,-170637.2406447527,58.2,1737337909.326,-0.7734375,4.953125,8.460938
47398.87499649847,-170636.22708680155,72.0,1737337909.326,0.46875,4.3984375,-0.6484375
47399.45922838335,-170636.7195036719,69.7,1737337909.326,-0.265625,4.609375,-0.3203125
47398.99095893727,-170635.83391699352,66.8,1737337909.326,0.5234375,3.9921875,-0.6484375
47396.015056404,-170643.63465956578,57.7,1737337909.326,0.0546875,12.328125,4.875
47394.84565006242,-170647.0142381354,59.0,1737337909.326,-0.2578125,15.890625,5.53125
47397.144945662454,-170642.18018332243,58.9,1737337909.326,-0.3828125,10.5390625,8.78125
47392.296498247044,-170650.18743964724,59.0,1737337909.326,0.7734375,19.828125,9.757812
47398.33516594237,-170638.39054880352,57.3,1737337909.326,0.078125,6.59375,-6.507812
47394.33800695905,-170647.00112269595,81.7,1737337909.326,0.2109375,16.0859375,-0.6484375
47391.16544097411,-170655.1075850747,75.5,1737337909.326,-0.203125,24.78125,0.0
47401.074709000764,-170640.64331212212,84.5,1737337909.401,-4.4296875,6.875,0.0
47403.627150124514,-170639.5671429844,91.7,1737337909.401,-6.0234375,4.609375,0.0
47401.69350498683,-170639.41778440404,80.9,1737337909.401,-4.3046875,5.5078125,0.0
47400.89607743048,-170639.0574285207,81.5,1737337909.401,-3.4375,5.625,0.0
47402.50310976451,-170635.97125909786,72.8,1737337909.401,-3.1640625,2.15625,0.0
47400.466319209416,-170633.40790513266,70.6,1737337909.401,-0.078125,1.0625,0.0
47403.43724507052,-170635.8919024342,80.5,1737337909.401,-3.9140625,1.59375,0.3203125
47402.16782960818,-170635.2548810075,76.8,1737337909.401,-2.5,1.7265625,0.3203125
47398.19565592622,-170633.07547963515,50.8,1737337909.401,2.0234375,1.984375,3.578125
47398.52589156565,-170634.28624659436,52.6,1737337909.401,1.1015625,2.8359375,4.875
47401.111995839245,-170635.10151635567,54.6,1737337909.401,-1.5234375,2.15625,7.8046880000000005
47388.44203409321,-170643.78327586973,83.5,1737337909.401,4.6171875,16.234375,-0.6484375
47390.66948658253,-170645.08377094436,87.7,1737337909.401,2.0390625,16.15625,-0.6484375
47390.00567488584,-170642.84442365172,80.7,1737337909.401,3.7890625,14.609375,-0.6484375
47397.45765549384,-170634.00534904515,73.4,1737337909.401,2.15625,3.1640625,-0.6484375
47407.371646155036,-170646.7823275723,80.6,1737337909.401,-13.0234375,8.7421875,-0.3203125
47399.0397346591,-170642.43919976798,88.7,1737337909.401,-3.65625,9.4765625,-0.3203125
47400.408742189036,-170636.25581252025,69.0,1737337909.401,-1.5390625,3.5078125,0.0
47400.8729099963,-170633.52390472175,70.6,1737337909.401,-0.484375,0.9453125,0.0
47397.930783515694,-170632.2464875604,71.5,1737337909.401,2.6875,1.421875,0.3203125
47398.639374544684,-170634.08999875357,50.0,1737337909.401,1.109375,2.609375,3.578125
47397.997726579764,-170633.12679294572,51.3,1737337909.401,2.1640625,2.1328125,4.875
47398.850552595184,-170634.04696870715,51.9,1737337909.401,0.953125,2.4609375,7.8046880000000005
47391.051092016154,-170646.12395236635,77.3,1737337909.401,1.1640625,16.8359375,-0.6484375
47397.945724169265,-170637.4247451797,58.1,1737337909.401,-0.0703125,5.8046875,4.226562
47398.87601155789,-170635.43573547315,54.3,1737337909.401,0.1953125,3.625,4.875
47398.91745047239,-170635.22208599944,53.9,1737337909.401,0.2734375,3.421875,-4.875
47399.136844006774,-170635.60802510937,54.8,1737337909.401,-0.1171875,3.6328125,-1.625
47398.46508709466,-170636.57931084046,72.8,1737337909.401,-0.0625,4.8125,-0.6484375
47398.36417586929,-170635.7975469277,74.8,1737337909.401,0.4375,4.203125,-0.3203125
47398.80649540014,-170635.1342879175,53.9,1737337909.401,0.4140625,3.40625,-4.875
47397.84737474086,-170636.13782641405,72.0,1737337909.401,0.6953125,4.765625,-0.6484375
47391.774940859694,-170645.673564209,75.6,1737337909.401,0.7890625,16.0703125,0.3203125
47389.15174179184,-170649.1471396097,57.0,1737337909.401,1.171875,20.40625,3.25
47389.934419886056,-170648.4847608908,58.4,1737337909.401,0.859375,19.4296875,3.25
47391.480805903164,-170646.65981403991,60.2,1737337909.401,0.515625,17.0625,5.851562
47396.0347841531,-170640.42225882268,55.7,1737337909.401,-0.0390625,9.359375,-10.414060000000001
47389.54585119881,-170649.65152713854,58.7,1737337909.401,0.5703125,20.625,-7.15625
47389.09914150802,-170651.9428759888,54.7,1737337909.401,-0.265625,22.8046875,-6.507812
47392.435717150016,-170646.1051177557,58.2,1737337909.401,0.0,16.0859375,-3.25
47390.717854007664,-170648.29275635254,55.8,1737337909.401,0.296875,18.8515625,-2.601562
47392.492887488486,-170645.91051753034,78.5,1737337909.401,0.0546875,15.890625,-0.6484375
47395.58411357772,-170641.54098439735,77.3,1737337909.401,-0.25,10.546875,-0.6484375
47387.93869460087,-170653.54842930535,75.5,1737337909.401,-0.1328125,24.78125,0.0
47388.67518297841,-170651.67781153406,50.6,1737337909.401,0.234375,22.8046875,-7.15625
47405.319228056396,-170641.83624657374,104.7,1737337909.476,-8.203125,6.3203125,0.0
47404.144358055564,-170639.10315708787,88.1,1737337909.476,-5.90625,4.4296875,0.0
47401.84422838879,-170639.18277838596,94.5,1737337909.476,-3.8984375,5.5546875,0.0
47403.62766331896,-170635.70740647096,80.9,1737337909.476,-3.890625,1.6484375,0.3203125
47403.30934819111,-170635.45535203954,70.8,1737337909.476,-3.4921875,1.5703125,0.3203125
47402.71861398152,-170634.91338037152,73.9,1737337909.476,-2.71875,1.359375,0.3203125
47398.08833423547,-170632.43767582756,52.0,1737337909.476,2.53125,1.28125,10.085939999999999
47401.10104084975,-170634.8966934773,53.9,1737337909.476,-1.2734375,2.0859375,10.085939999999999
47400.68134463333,-170635.48895320902,53.6,1737337909.476,-1.171875,2.8046875,-5.851562
47384.68008404972,-170641.2223492485,62.9,1737337909.476,10.421875,15.234375,-4.554688
47391.773873611884,-170645.9265954022,88.0,1737337909.476,1.9609375,16.1640625,-0.6484375
47392.96692264617,-170645.52218464034,90.6,1737337909.476,1.0859375,15.2578125,-0.6484375
47398.21226559117,-170635.94732664092,78.4,1737337909.476,0.8125,4.34375,-0.6484375
47397.856895769,-170634.74440706248,73.5,1737337909.476,1.6796875,3.4375,-0.6484375
47398.04876135939,-170633.92917481894,71.3,1737337909.476,1.8828125,2.625,-0.6484375
47407.980493919225,-170646.6983338838,78.2,1737337909.476,-12.796875,9.421875,-0.3203125
47399.89676266382,-170642.36259707244,89.8,1737337909.476,-3.625,9.2734375,-0.3203125
47400.53649183116,-170633.65622287474,70.6,1737337909.476,-0.203125,1.2421875,-0.3203125
47400.62734858037,-170632.81527153685,81.7,1737337909.476,0.1015625,0.453125,0.0
47401.619040027,-170636.22743064995,66.5,1737337909.476,-2.34375,3.03125,0.3203125
47397.89628094652,-170632.7078217427,66.4,1737337909.476,2.578125,1.609375,0.3203125
47399.64840047286,-170634.54313387483,52.9,1737337909.476,0.1796875,2.4375,10.085939999999999
47397.89064495461,-170632.5994334557,51.6,1737337909.476,2.6328125,1.515625,-5.851562
47402.52413321031,-170635.93822767492,66.1,1737337909.476,-3.015625,2.359375,-0.6484375
47400.95506815572,-170633.7138570013,65.4,1737337909.476,-0.6015625,1.1015625,-0.3203125
47398.48294121903,-170636.37698725073,58.4,1737337909.476,0.375,4.6015625,-3.8984379999999996
47399.00707271802,-170636.65606836695,60.0,1737337909.476,-0.21875,4.609375,-2.601562
47399.35035929577,-170636.58697455795,74.9,1737337909.476,-0.4921875,4.390625,-0.6484375
47391.00436231496,-170652.9926043356,57.5,1737337909.476,-0.59375,22.796875,1.625
47392.88609390648,-170647.51981749633,58.4,1737337909.476,0.2421875,17.0703125,1.945312
47393.60812946831,-170645.65946714845,57.6,1737337909.476,0.453125,15.0859375,2.601562
47396.353637913206,-170641.52871969884,58.6,1737337909.476,-0.09375,10.15625,4.554688
47396.64383354786,-170640.11372419534,60.0,1737337909.476,0.296875,8.765625,7.8046880000000005
47398.08912156239,-170637.97587871974,57.0,1737337909.476,-0.0078125,6.203125,-6.179688
47393.74625347015,-170645.51094288973,57.8,1737337909.476,0.3984375,14.890625,-5.53125
47393.89200823242,-170646.7112472873,77.9,1737337909.476,-0.28125,15.890625,-0.6484375
47405.58335185232,-170641.68626065613,99.5,1737337909.551,-8.4140625,6.0234375,0.0
47404.643886758975,-170639.05209732195,87.1,1737337909.551,-6.375,4.109375,0.0
47401.83656287179,-170639.20003884425,96.5,1737337909.551,-3.9453125,5.5234375,0.0
47402.678696744486,-170635.62770421538,75.4,1737337909.551,-3.0625,1.9609375,0.0
47402.60902796072,-170634.95958807974,70.0,1737337909.551,-2.6953125,1.3984375,0.3203125
47401.97788719237,-170636.13727209967,52.4,1737337909.551,-2.671875,2.734375,1.625
47397.8020942466,-170633.58003964165,53.6,1737337909.551,2.2109375,2.3671875,1.625
47398.95831647925,-170651.44015461294,59.7,1737337909.551,-6.9765625,17.7265625,5.203125
47393.86141593327,-170640.65496802007,60.8,1737337909.551,2.484375,10.4609375,8.132812
47390.30773923165,-170644.8899031267,61.1,1737337909.551,3.7109375,15.8515625,9.109375
47401.435265389846,-170635.2614033583,54.2,1737337909.551,-1.7890625,2.203125,-9.757812
47400.679996182575,-170635.31266256794,52.7,1737337909.551,-1.140625,2.59375,-7.484375
47390.992121969364,-170647.8497589078,86.9,1737337909.551,1.75,18.171875,-0.6484375
47391.513590381386,-170645.82533060506,86.6,1737337909.551,2.2109375,16.1328125,-0.6484375
47391.47870992246,-170643.55032220142,82.3,1737337909.551,3.28125,14.125,-0.6484375
47397.927704745685,-170635.5415605535,75.7,1737337909.551,1.203125,4.0546875,-0.6484375
47402.37215491378,-170643.32181274286,85.9,1737337909.551,-6.3046875,8.9453125,-0.3203125
47399.873463772354,-170642.38992217995,87.0,1737337909.551,-3.65625,9.2578125,-0.3203125
47397.63490999797,-170634.1792160077,67.1,1737337909.551,2.0859375,2.9765625,0.0
47398.31407748794,-170635.35355137367,52.0,1737337909.551,0.9453125,3.7109375,1.625
47398.00960653376,-170642.85550896823,57.7,1737337909.551,-2.2109375,10.5234375,8.132812
47394.918167966505,-170647.64399305516,56.8,1737337909.551,-1.6484375,16.1953125,9.109375
47398.68863781926,-170634.31635852213,52.9,1737337909.551,1.0859375,2.6171875,-9.757812
47390.98977069723,-170644.17747743573,75.0,1737337909.551,3.4296875,14.90625,-0.6484375
47397.34131414055,-170634.83642899743,72.0,1737337909.551,2.046875,3.6953125,-0.6484375
47399.05863181082,-170635.64808853864,56.2,1737337909.551,0.1484375,3.6328125,-4.875
47399.18617298863,-170635.4852423152,55.1,1737337909.551,0.109375,3.4296875,-4.554688
47399.218866405085,-170635.04534321465,53.2,1737337909.551,0.28125,3.0234375,-4.226562
47392.74105155078,-170646.3766444791,76.9,1737337909.551,0.8671875,16.0625,0.0
47396.42756478414,-170640.514909449,57.0,1737337909.551,0.265625,9.1640625,2.601562
47394.12651220829,-170645.55998999413,55.1,1737337909.551,0.0078125,14.703125,5.203125
47398.009522410284,-170638.6486608852,59.2,1737337909.551,-0.2890625,6.78125,9.757812
47392.995945644914,-170646.06842029883,85.3,1737337909.551,0.78125,15.671875,-0.6484375
47393.17101284479,-170645.7104189691,80.9,1737337909.551,0.7890625,15.2734375,-0.6484375
47389.65459991668,-170654.5928543053,75.4,1737337909.551,-0.140625,24.78125,0.0
47396.73334957551,-170640.67194359776,56.9,1737337909.551,-0.078125,9.1640625,-1.625
47406.95960371744,-170641.07565641278,86.4,1737337909.6260002,-9.359375,4.8515625,0.0
47404.643886758975,-170639.05209732195,79.9,1737337909.6260002,-6.375,4.109375,0.0
47402.24039587006,-170639.33716533743,91.3,1737337909.6260002,-4.3671875,5.4609375,0.0
47402.605459002785,-170634.96653773412,73.0,1737337909.6260002,-2.6953125,1.40625,0.3203125
47399.89204958008,-170635.15392605506,53.0,1737337909.6260002,-0.3671875,2.8125,3.25
47400.76822274888,-170637.5008944229,58.9,1737337909.6260002,-2.21875,4.5,9.757812
47399.931316127884,-170634.7525324457,54.5,1737337909.6260002,-0.21875,2.4375,-10.085939999999999
47401.496117925475,-170635.45073837927,52.1,1737337909.6260002,-1.9296875,2.34375,-8.460938
47398.21459528459,-170632.58867845865,49.7,1737337909.6260002,2.296875,1.296875,-8.460938
47398.65765477756,-170633.94914840005,53.8,1737337909.6260002,1.28125,2.3046875,-3.8984379999999996
47394.35047534172,-170650.39119342086,84.8,1737337909.6260002,-2.3984375,18.8984375,-0.6484375
47390.97127300631,-170647.83905203402,87.1,1737337909.6260002,1.7734375,18.171875,-0.6484375
47391.891687628166,-170646.08097774515,84.9,1737337909.6260002,1.7578125,16.1875,-0.6484375
47393.04253837007,-170645.63565911414,84.8,1737337909.6260002,0.9375,15.265625,-0.6484375
47398.25658962751,-170635.82462978805,74.4,1737337909.6260002,0.78125,4.15625,-0.6484375
47400.74476617394,-170644.21622324552,82.5,1737337909.6260002,-5.265625,10.484375,-0.3203125
47402.4920134058,-170634.79410619524,49.1,1737337909.6260002,-2.515625,1.3046875,3.25
47398.40674621745,-170632.59074933513,50.1,1737337909.6260002,2.125,1.2109375,-10.085939999999999
47398.95872502076,-170634.86783662587,51.2,1737337909.6260002,0.59375,2.984375,-8.460938
47401.39188112085,-170635.07225659885,48.4,1737337909.6260002,-1.6640625,2.0546875,-8.460938
47399.78880616397,-170640.19474067062,56.5,1737337909.6260002,-2.578125,7.34375,-3.8984379999999996
47400.58082641729,-170635.1124324117,50.9,1737337909.6260002,-0.9609375,2.4609375,-3.8984379999999996
47397.78608400828,-170635.38978971622,74.1,1737337909.6260002,1.3984375,3.984375,-0.6484375
47399.29266092066,-170635.9790523076,53.1,1737337909.6260002,-0.2109375,3.8203125,1.296875
47399.387712964766,-170635.58874209505,53.3,1737337909.6260002,-0.1171875,3.4296875,6.507812
47398.9388093546,-170635.0947358305,55.2,1737337909.6260002,0.5078125,3.1953125,-8.78125
47394.05139185158,-170645.07350617912,59.2,1737337909.6260002,0.296875,14.3046875,0.6484375
47397.82996897684,-170638.1261109679,58.0,1737337909.6260002,0.109375,6.3984375,6.507812
47395.07136077234,-170643.1557781017,60.1,1737337909.6260002,0.265625,12.1328125,9.109375
47394.6828931217,-170644.51078044894,57.0,1737337909.6260002,-0.0078125,13.515625,-8.460938
47396.06781302655,-170642.77168852935,59.3,1737337909.6260002,-0.4453125,11.3359375,-7.15625
47396.7889468103,-170640.70049526115,58.9,1737337909.6260002,-0.140625,9.1640625,-5.203125
47396.634932856214,-170640.401840375,60.4,1737337909.6260002,0.1328125,8.96875,-3.8984379999999996
47393.28314061127,-170646.0051283743,83.0,1737337909.6260002,0.5546875,15.484375,-0.6484375
47389.69629784278,-170654.61426805286,75.1,1737337909.6260002,-0.1875,24.78125,0.0
47390.591377267985,-170651.96493564313,55.3,1737337909.6260002,0.2265625,22.015625,3.8984379999999996
47391.73008713966,-170648.75568540458,54.7,1737337909.6260002,0.6796875,18.640625,3.8984379999999996
47395.17089905003,-170643.64601913618,56.5,1737337909.6260002,-0.046875,12.5234375,8.460938
47390.488049728396,-170652.7989021757,56.3,1737337909.6260002,-0.0625,22.8046875,-2.601562
47402.24251908671,-170639.1303514945,88.6,1737337909.7020001,-4.2265625,5.3125,0.0
47404.65711884188,-170638.77952794483,75.9,1737337909.7020001,-6.2421875,3.9375,0.3203125
47403.14068391046,-170635.76079002736,76.8,1737337909.7020001,-3.5546875,1.890625,0.3203125
47402.96834936414,-170634.88539222526,79.6,1737337909.7020001,-3.015625,1.1796875,0.3203125
47399.99624204934,-170635.02475630803,54.3,1737337909.7020001,-0.40625,2.609375,3.578125
47397.42986720963,-170641.23992974305,60.6,1737337909.7020001,-0.828125,9.3203125,10.085939999999999
47397.93955057917,-170632.52464631415,54.7,1737337909.7020001,2.5390625,1.265625,10.085939999999999
47394.668497211365,-170650.54211870706,85.3,1737337909.7020001,-2.4296875,18.890625,-0.6484375
47391.509479004715,-170648.23391726182,84.9,1737337909.7020001,1.421875,18.203125,-0.6484375
47392.27286077738,-170646.15489378886,83.9,1737337909.7020001,1.6484375,16.0,-0.6484375
47391.84808634674,-170643.67808755412,83.6,1737337909.7020001,3.1171875,13.9609375,-0.6484375
47408.116007951154,-170645.92065396646,80.5,1737337909.7020001,-12.484375,8.8359375,-0.3203125
47400.12433822754,-170642.43435619408,87.7,1737337909.7020001,-3.7734375,9.2109375,-0.3203125
47401.96766387453,-170640.38724810322,80.7,1737337909.7020001,-4.53125,6.5625,-0.3203125
47398.282817587264,-170633.37050726573,52.0,1737337909.7020001,1.859375,1.875,3.578125
47399.77615688759,-170641.81215721392,57.5,1737337909.7020001,-3.1875,8.8046875,10.085939999999999
47389.22245276224,-170647.6471643048,75.9,1737337909.7020001,3.734375,18.6796875,-0.6484375
47398.623622738756,-170636.5888213735,59.3,1737337909.7020001,0.140625,4.6171875,9.757812
47399.33030465128,-170635.17767881133,54.9,1737337909.7020001,0.125,3.0390625,-5.203125
47399.298634553605,-170635.15351439588,53.5,1737337909.7020001,0.1640625,3.03125,-9.4375
47395.86452955335,-170641.6143254206,58.5,1737337909.7020001,0.4140625,10.34375,2.921875
47391.52731762247,-170652.04221882392,57.8,1737337909.7020001,-0.265625,21.6171875,10.085939999999999
47393.94946021618,-170646.85212650645,78.2,1737337909.7020001,-0.1640625,15.890625,-0.6484375
47394.285790745314,-170646.57298171564,79.0,1737337909.7020001,-0.34375,15.4921875,-0.6484375
47393.618127343936,-170645.7860325057,80.0,1737337909.7020001,0.6015625,15.078125,-0.6484375
47396.29484306912,-170642.0505805746,76.7,1737337909.7020001,-0.1640625,10.546875,-0.6484375
47402.000472569816,-170639.1937639124,85.5,1737337909.776,-4.1328125,5.3828125,0.0
47399.641485055305,-170632.60832245153,70.5,1737337909.776,0.9140625,0.5390625,0.0
47407.540555627194,-170640.56449030747,80.4,1737337909.776,-9.703125,4.140625,0.3203125
47404.17380133214,-170639.28093685632,83.7,1737337909.776,-6.1171875,4.4921875,0.3203125
47402.72105609879,-170635.55543844454,71.9,1737337909.776,-3.15625,1.8046875,0.3203125
47402.65740621812,-170635.104837759,72.7,1737337909.776,-2.8984375,1.4296875,0.3203125
47402.091986001484,-170635.45168415154,52.2,1737337909.776,-2.546875,1.9921875,7.15625
47398.84093560763,-170634.40901187458,51.5,1737337909.776,0.828125,2.5078125,7.15625
47398.081437437424,-170633.62068088312,51.7,1737337909.776,1.859375,2.140625,-8.132812
47400.08694578303,-170635.71011948198,53.9,1737337909.776,-0.8671875,3.1171875,-2.601562
47389.799485346884,-170645.1539168461,84.3,1737337909.776,4.1328125,16.15625,-0.6484375
47392.09309079328,-170646.12133984533,81.3,1737337909.776,1.6484375,16.0,-0.6484375
47391.59265408648,-170643.5681717924,82.3,1737337909.776,3.234375,13.9375,-0.6484375
47390.1740620432,-170633.165847015,75.5,1737337909.776,9.140625,5.2578125,-0.6484375
47397.4302038481,-170634.87607599323,67.4,1737337909.776,1.8828125,3.5546875,-0.6484375
47394.53579867108,-170650.55791539836,84.8,1737337909.776,-2.515625,18.8828125,-0.3203125
47400.133292670725,-170642.470662674,89.8,1737337909.776,-3.921875,9.1484375,-0.3203125
47399.978091622004,-170633.31700825642,61.6,1737337909.776,0.296875,1.0234375,0.0
47400.81094533973,-170636.16659356366,65.6,1737337909.776,-1.71875,3.203125,0.3203125
47400.79979166467,-170635.76831220964,50.9,1737337909.776,-1.53125,2.8515625,7.15625
47398.259494143036,-170633.54351546994,49.1,1737337909.776,1.734375,1.9921875,7.15625
47399.614332537385,-170635.15189921673,51.5,1737337909.776,-0.1953125,2.828125,-8.132812
47397.471373041575,-170632.35693260352,52.7,1737337909.776,2.96875,1.28125,-2.601562
47387.09644133452,-170645.86773199798,76.6,1737337909.776,6.234375,18.0,-0.3203125
47398.78510120046,-170636.51939825233,59.0,1737337909.776,-0.0625,4.421875,7.484375
47398.816203905146,-170636.3167018182,56.6,1737337909.776,0.0,4.2265625,7.8046880000000005
47398.97006306736,-170636.39330713026,57.9,1737337909.776,-0.171875,4.2265625,-7.15625
47399.08783403592,-170635.78867040842,54.5,1737337909.776,-0.0078125,3.6328125,-2.601562
47399.48534893576,-170635.32331607214,52.3,1737337909.776,-0.15625,3.0390625,7.484375
47399.456014971416,-170636.5741678784,56.2,1737337909.776,-0.6875,4.171875,7.8046880000000005
47395.3048433188,-170642.5102553324,60.1,1737337909.776,0.3828125,11.3359375,3.8984379999999996
47389.808502385764,-170652.56787507384,58.6,1737337909.776,0.8203125,22.7890625,6.179688
47396.50750992817,-170640.90104971046,57.7,1737337909.776,0.0234375,9.359375,-6.179688
47391.36173681634,-170649.58848428974,59.2,1737337909.776,0.7578125,19.4296875,-2.273438
47394.96478063451,-170643.8943982121,59.5,1737337909.776,0.0703125,12.7265625,-1.945312
47390.357606564336,-170650.83399332207,77.7,1737337909.776,1.1015625,20.9921875,-0.6484375
47393.918213591794,-170646.90787261742,78.2,1737337909.776,-0.3359375,15.890625,-0.6484375
47393.179224552325,-170645.85047970564,85.9,1737337909.776,0.796875,15.2734375,-0.6484375
47393.86226480554,-170646.88001614032,77.7,1737337909.776,-0.2734375,15.890625,-0.3203125
47389.759808971896,-170654.76908979227,75.5,1737337909.776,-0.1171875,24.78125,0.0
47405.40960575693,-170641.731384811,101.5,1737337909.851,-8.2890625,6.203125,0.0
47402.16708955893,-170639.3692941068,85.2,1737337909.851,-4.34375,5.4765625,0.0
47404.811636784914,-170639.11333896234,85.6,1737337909.851,-6.6171875,4.1015625,0.3203125
47402.88584511732,-170635.63272253552,81.3,1737337909.851,-3.375,1.796875,0.3203125
47401.391021844815,-170635.89452959187,54.7,1737337909.851,-2.140625,2.6796875,3.578125
47396.73424458425,-170633.59027184403,55.4,1737337909.851,3.0546875,2.6171875,-8.460938
47399.917280096175,-170635.29988856264,51.4,1737337909.851,-0.5546875,2.78125,-2.921875
47386.779068376825,-170646.76771529848,84.7,1737337909.851,6.328125,18.8046875,-0.6484375
47389.797098241936,-170644.97520589226,88.0,1737337909.851,4.3828125,15.8828125,-0.6484375
47391.713047667625,-170643.74564661313,84.1,1737337909.851,3.1875,13.9453125,-0.6484375
47398.19135532687,-170634.02094929753,69.7,1737337909.851,1.5546875,2.375,-0.6484375
47386.450272754504,-170641.34986183848,84.1,1737337909.851,8.96875,14.0625,-0.3203125
47400.28533511327,-170642.4957123336,89.4,1737337909.851,-4.0,9.109375,-0.3203125
47401.627567440235,-170639.06703234525,73.8,1737337909.851,-3.7265625,5.4375,-0.3203125
47400.7977337194,-170636.37237001068,73.7,1737337909.851,-1.8125,3.3671875,0.3203125
47400.71717150945,-170636.57634411062,52.0,1737337909.851,-1.828125,3.5859375,-8.460938
47398.11218238842,-170633.8789638459,50.6,1737337909.851,1.6875,2.28125,-2.921875
47397.01258613584,-170648.62878779534,78.2,1737337909.851,-3.703125,16.0546875,-0.6484375
47399.88153436699,-170635.89799476718,69.6,1737337909.851,-0.78125,3.3359375,-0.6484375
47397.925893488115,-170637.69776960195,56.5,1737337909.851,0.203125,5.8046875,3.8984379999999996
47399.68542746993,-170635.43991933615,55.1,1737337909.851,-0.40625,3.0078125,9.757812
47397.467523231164,-170637.65976224618,60.0,1737337909.851,0.6328125,5.96875,-6.828125
47399.15407950258,-170635.2109058657,53.5,1737337909.851,0.171875,3.03125,-5.53125
47399.150771920635,-170636.5178327602,71.1,1737337909.851,-0.390625,4.2109375,-0.6484375
47398.42164508138,-170636.1592364169,69.0,1737337909.851,0.421875,4.203125,-0.6484375
47393.65352778565,-170647.9178994398,60.2,1737337909.851,-0.3671875,16.8671875,0.6484375
47398.035242947175,-170638.408839796,59.8,1737337909.851,-0.203125,6.3984375,4.875
47396.95833522644,-170640.74299959934,59.6,1737337909.851,-0.2421875,8.96875,8.132812
47392.87172938531,-170647.75933147242,58.1,1737337909.851,0.40625,17.0625,-5.851562
47395.131623071604,-170645.75895073244,60.3,1737337909.851,-0.765625,14.28125,-3.25
47390.84770678469,-170650.94745564426,81.0,1737337909.851,0.8515625,20.8125,-0.6484375
47393.491151326765,-170646.08950707185,85.1,1737337909.851,0.5703125,15.2890625,-0.6484375
47389.97570613187,-170654.93110945373,75.1,1737337909.851,-0.0859375,24.78125,0.0
47395.0114581507,-170643.084251231,55.3,1737337909.851,0.5,11.921875,-6.828125
47396.72591719354,-170640.8480963859,52.2,1737337909.851,-0.078125,9.1640625,-6.828125
47394.589653603485,-170647.03266410515,57.2,1737337909.851,-0.828125,15.6640625,-6.507812
47405.12535215035,-170641.87226369444,97.8,1737337909.926,-8.09375,6.453125,0.0
47404.21608703289,-170639.4514434336,88.4,1737337909.926,-6.2265625,4.6640625,0.0
47401.98621227384,-170639.20449454366,86.9,1737337909.926,-4.109375,5.40625,0.0
47404.65187739138,-170638.74203309187,80.3,1737337909.926,-6.3125,3.8359375,0.3203125
47397.89759891028,-170635.51777573847,70.9,1737337909.926,1.171875,3.8515625,0.3203125
47402.4528090567,-170635.21691925527,69.8,1737337909.926,-2.8046875,1.609375,0.3203125
47398.36825052025,-170633.50791643362,53.3,1737337909.926,1.6171875,1.8359375,2.601562
47398.73567127957,-170634.40350268825,54.5,1737337909.926,0.8984375,2.484375,5.53125
47397.374893520384,-170633.66376647085,55.5,1737337909.926,2.4453125,2.40625,7.15625
47398.6238017357,-170633.96852407206,49.3,1737337909.926,1.1875,2.140625,7.484375
47402.837095035095,-170635.42734704143,58.6,1737337909.926,-3.2421875,1.6328125,8.460938
47398.1771837928,-170632.49765784695,53.3,1737337909.926,2.2265625,1.0078125,8.460938
47395.74426790175,-170633.73907854324,59.6,1737337909.926,3.8828125,3.1796875,-7.484375
47398.086823946935,-170633.82346525154,54.5,1737337909.926,1.734375,2.2421875,-6.828125
47391.71639985557,-170648.27072872926,86.8,1737337909.926,1.2265625,18.0234375,-0.6484375
47389.88922704316,-170645.0540840048,86.7,1737337909.926,4.265625,15.9140625,-0.6484375
47391.91785775499,-170643.661962544,82.9,1737337909.926,3.0390625,13.78125,-0.6484375
47398.08379906832,-170635.14785913948,72.1,1737337909.926,1.1640625,3.4375,-0.6484375
47392.398634310215,-170646.37974593858,77.3,1737337909.926,1.4296875,16.0234375,-0.3203125
47400.35886610774,-170642.50500517568,94.2,1737337909.926,-4.0703125,9.0859375,-0.3203125
47401.18044858778,-170633.67904845733,68.8,1737337909.926,-0.9921875,0.7734375,-0.3203125
47400.9479941872,-170633.13420346568,74.0,1737337909.926,-0.546875,0.3828125,0.0
47402.969246483095,-170635.8200656294,69.9,1737337909.926,-3.53125,1.9296875,0.3203125
47400.866115441146,-170634.9840206737,50.6,1737337909.926,-1.2734375,2.0859375,2.601562
47401.485634363155,-170635.0473743484,47.1,1737337909.926,-1.859375,1.875,5.53125
47400.399914348985,-170635.97346831724,52.3,1737337909.926,-1.28125,3.1796875,7.15625
47399.59777343167,-170634.77392408106,49.2,1737337909.926,-0.0390625,2.4453125,7.484375
47398.016463301916,-170635.0895456344,52.6,1737337909.926,1.25,3.4140625,8.460938
47399.02218651275,-170634.4023597524,50.8,1737337909.926,0.640625,2.359375,8.460938
47397.3745749191,-170648.10926487745,73.0,1737337909.926,-3.8046875,15.4296875,-0.6484375
47397.19540597653,-170648.26591453436,75.3,1737337909.926,-3.7109375,15.6484375,-0.3203125
47400.60601672733,-170633.81064662128,67.6,1737337909.926,-0.53125,1.140625,-0.3203125
47398.74839292928,-170635.1895173934,56.2,1737337909.926,0.546875,3.1875,-9.109375
47397.99632686857,-170637.73157277555,60.1,1737337909.926,0.125,5.8046875,-5.53125
47399.200014674105,-170635.45825868467,55.9,1737337909.926,0.0234375,3.234375,-9.109375
47391.29212371381,-170653.36182221878,57.0,1737337909.926,-0.59375,22.796875,3.8984379999999996
47397.267923029365,-170640.22432479146,58.0,1737337909.926,-0.296875,8.3671875,4.554688
47390.99223656626,-170651.0254856468,80.7,1737337909.926,0.6875,20.8203125,-0.6484375
47394.001958931774,-170646.77660809588,80.4,1737337909.926,-0.1875,15.6875,-0.6484375
47393.51198651501,-170645.86553377108,78.5,1737337909.926,0.6484375,15.078125,-0.6484375
47390.06726952644,-170654.9750535794,75.1,1737337909.926,-0.1875,24.78125,0.0
47403.00789577434,-170639.11359814878,83.9,1737337910.0,-4.625,5.25,0.0
47404.76468473339,-170638.87715689305,89.1,1737337910.0,-6.1796875,4.3984375,0.3203125
47402.973210118704,-170634.72226918707,79.5,1737337910.0,-3.015625,1.1640625,0.3203125
47404.334771231916,-170648.19596576525,60.6,1737337910.0,-9.125,13.25,2.601562
47401.993267243204,-170635.00650257865,54.1,1737337910.0,-2.203125,1.78125,9.4375
47402.5023423449,-170636.53336100114,59.3,1737337910.0,-3.2265625,3.0234375,-10.414060000000001
47392.990432450744,-170644.67628808983,78.7,1737337910.0,2.7265625,14.0390625,-0.6484375
47398.249629667225,-170636.07727550177,76.2,1737337910.0,0.90625,4.125,-0.6484375
47401.14014308301,-170642.48828540006,92.7,1737337910.0,-4.09375,9.0703125,-0.3203125
47402.80430887797,-170638.9682936038,84.3,1737337910.0,-4.3828125,5.1875,-0.3203125
47400.84616192343,-170635.37709051766,53.3,1737337910.0,-1.265625,2.5390625,9.4375
47390.80890385863,-170645.82077124534,84.8,1737337910.0,4.3515625,15.890625,-0.6484375
47396.845842325485,-170646.36069620945,70.2,1737337910.0,-1.4765625,14.2265625,-0.6484375
47399.479142318356,-170636.0146365308,55.3,1737337910.0,-0.21875,3.625,0.96875
47398.88221597527,-170636.8480525501,75.0,1737337910.0,0.0390625,4.6171875,-0.6484375
47395.74496198745,-170645.1753410408,58.5,1737337910.0,-0.0234375,13.515625,1.945312
47398.14422872564,-170639.52738540107,59.3,1737337910.0,-0.234375,7.3828125,4.554688
47393.36766612968,-170650.17882030393,56.9,1737337910.0,0.3984375,19.0390625,8.460938
47396.98786140113,-170641.83645901587,59.1,1737337910.0,0.015625,9.953125,-2.921875
47392.739797424336,-170651.63651879565,76.8,1737337910.0,0.4609375,20.625,-0.6484375
47394.67796463803,-170646.2296838345,88.8,1737337910.0,0.59375,14.8828125,-0.6484375
47391.79406624023,-170655.72593554427,75.3,1737337910.0,-0.125,24.78125,0.0
47405.1082661305,-170651.09386533915,76.0,1737337910.076,-12.15625,14.6640625,0.0
47405.32838427814,-170641.97659026712,93.9,1737337910.076,-8.421875,6.34375,0.0
47402.68057204731,-170639.2557167143,83.5,1737337910.076,-4.859375,5.03125,0.0
47404.4673977538,-170639.521232295,82.7,1737337910.076,-6.5859375,4.5,0.3203125
47404.168908244385,-170639.2399550236,85.2,1737337910.076,-6.1953125,4.375,0.3203125
47402.89535702412,-170635.58280991358,70.2,1737337910.076,-3.46875,1.625,0.3203125
47399.708161840616,-170635.56562960218,53.5,1737337910.076,-0.5859375,2.984375,6.179688
47397.67691541501,-170633.13090765374,53.5,1737337910.076,2.296875,1.6640625,7.15625
47398.24879942286,-170634.05382785038,55.5,1737337910.076,1.3828125,2.25,10.085939999999999
47400.69154341622,-170636.04449364805,54.4,1737337910.076,-1.6796875,2.9921875,-6.507812
47392.69523276819,-170646.4834932318,81.2,1737337910.076,1.03125,15.859375,-0.6484375
47391.58453199084,-170644.33305699466,84.4,1737337910.076,2.9609375,14.3984375,-0.6484375
47391.63840012611,-170643.62274402633,74.7,1737337910.076,3.21875,13.734375,-0.6484375
47396.83815858882,-170632.53068375814,72.7,1737337910.076,3.3125,1.484375,-0.6484375
47407.31902447457,-170646.07186795762,79.0,1737337910.076,-11.984375,9.1796875,-0.3203125
47400.425823325364,-170642.37753654894,87.1,1737337910.076,-4.171875,8.8203125,-0.3203125
47401.74808594882,-170639.08695673678,86.1,1737337910.076,-3.9453125,5.28125,-0.3203125
47402.17121982161,-170635.14130722012,51.9,1737337910.076,-2.625,1.5390625,6.179688
47400.24777737491,-170635.45128219706,52.6,1737337910.076,-1.0234375,2.6484375,7.15625
47400.35623699152,-170635.26067208537,52.0,1737337910.076,-1.0390625,2.4296875,10.085939999999999
47389.75367626952,-170645.13760403555,83.3,1737337910.076,4.265625,15.9140625,-0.6484375
47395.59156688753,-170645.8593386183,68.8,1737337910.076,-1.3125,14.046875,-0.6484375
47397.43689230012,-170635.57073651676,70.7,1737337910.076,1.4609375,3.96875,-0.6484375
47397.837971528505,-170635.13035847936,70.5,1737337910.076,1.2890625,3.3984375,-0.6484375
47398.66951525514,-170637.3031892878,59.2,1737337910.076,-0.3984375,5.0,1.296875
47399.02908599936,-170635.30154667792,54.2,1737337910.076,0.140625,3.0390625,4.226562
47399.26537347306,-170635.62235919508,56.2,1737337910.076,-0.2109375,3.2265625,-8.460938
47398.78241596812,-170635.38277317196,53.0,1737337910.076,0.328125,3.21875,-5.203125
47398.52324315863,-170636.14213361533,70.9,1737337910.076,0.234375,4.015625,-0.6484375
47398.162859613854,-170635.91785815544,67.0,1737337910.076,0.65625,3.96875,0.3203125
47393.35165971041,-170647.0484938865,56.7,1737337910.076,0.1953125,16.0859375,1.945312
47392.66080443697,-170648.69256073658,60.1,1737337910.076,0.109375,17.8671875,4.554688
47396.910552707624,-170640.20310821087,59.5,1737337910.076,-0.0625,8.375,4.875
47394.10083825121,-170646.53208957927,59.7,1737337910.076,-0.2578125,15.296875,5.53125
47397.457725123626,-170638.9319813565,60.6,1737337910.076,-0.0078125,6.9921875,6.179688
47391.61866250224,-170649.04290550595,59.2,1737337910.076,0.8984375,18.6328125,-7.8046880000000005
47392.77596849779,-170648.0894932743,55.9,1737337910.076,0.265625,17.2734375,-3.25
47392.292118918376,-170651.56446951837,76.0,1737337910.076,-0.796875,20.6171875,-0.6484375
47393.42984198272,-170647.51885915874,89.4,1737337910.076,-0.078125,16.4765625,-0.6484375
47393.21277962237,-170646.30663579062,79.1,1737337910.076,0.640625,15.4765625,-0.3203125
47389.88265299894,-170655.02797433065,75.2,1737337910.076,-0.1171875,24.78125,0.0
47391.70733082228,-170653.67491552702,56.2,1737337910.076,-1.1796875,22.7734375,6.179688
47389.730457332116,-170652.73833211427,53.1,1737337910.076,1.0078125,22.78125,-9.4375
47402.42388113153,-170640.35399013213,84.4,1737337910.15,-5.1015625,6.1328125,0.0
47402.75687053573,-170639.22292169448,80.2,1737337910.15,-4.9140625,4.96875,0.0
47404.38276536495,-170638.88324959218,82.7,1737337910.15,-6.234375,3.9609375,0.3203125
47398.450787656766,-170634.6093699486,51.4,1737337910.15,0.9609375,2.6640625,1.945312
47398.46127755969,-170635.40241363106,55.3,1737337910.15,0.609375,3.375,3.578125
47384.887922051515,-170639.10471202695,59.7,1737337910.15,11.2578125,12.5703125,4.226562
47401.52647900192,-170635.04085561272,54.0,1737337910.15,-2.0,1.7265625,8.460938
47397.12687768619,-170636.61753423858,59.8,1737337910.15,1.2890625,5.046875,9.757812
47391.74999341893,-170644.2043409183,87.5,1737337910.15,2.8671875,14.2109375,-0.6484375
47401.92215349591,-170639.24812405085,86.5,1737337910.15,-4.171875,5.3515625,-0.6484375
47400.43287155171,-170642.38090666189,86.9,1737337910.15,-4.1796875,8.8203125,-0.3203125
47400.17646442002,-170632.99248254835,81.0,1737337910.15,0.1015625,0.4609375,0.0
47400.911234652594,-170635.82047251586,72.1,1737337910.15,-1.78125,2.6953125,0.3203125
47399.844814362616,-170635.38849994243,50.0,1737337910.15,-0.6328125,2.765625,1.945312
47401.50295977451,-170635.88691499288,54.1,1737337910.15,-2.34375,2.5,3.578125
47398.85099655679,-170634.71413356092,51.5,1737337910.15,0.5546875,2.5859375,8.460938
47398.51207972714,-170638.08521652108,54.3,1737337910.15,-0.59375,5.7734375,5.203125
47397.63503754746,-170637.6918373015,53.8,1737337910.15,0.3671875,5.796875,5.203125
47398.87362370975,-170637.58263644794,59.0,1737337910.15,-0.703125,5.1640625,9.757812
47399.142183512166,-170635.57211550052,52.3,1737337910.15,-0.078125,3.234375,-2.921875
47397.64304555666,-170638.14596800946,56.2,1737337910.15,0.1640625,6.203125,5.53125
47392.80416140316,-170648.10297372632,58.1,1737337910.15,0.234375,17.2734375,5.851562
47396.34062404727,-170640.58007010206,60.1,1737337910.15,0.2890625,8.9609375,6.179688
47390.73529158711,-170653.24477306486,54.3,1737337910.15,-0.1171875,22.8046875,-3.578125
47391.503025567865,-170651.20448342842,77.4,1737337910.15,0.0703125,20.6328125,-0.6484375
47393.606502624076,-170645.84542107454,89.8,1737337910.15,0.484375,14.890625,-0.6484375
47389.82626718817,-170655.00101342663,74.0,1737337910.15,-0.0546875,24.78125,0.0
47404.57574545822,-170642.33353350929,99.5,1737337910.226,-8.546875,6.1796875,0.0
47401.460347229375,-170640.57251714333,86.3,1737337910.226,-4.96875,6.2421875,0.0
47403.804783556174,-170639.42314246236,85.4,1737337910.226,-6.40625,4.0625,0.0
47401.58262633621,-170639.34817043148,79.3,1737337910.226,-4.453125,5.125,0.0
47395.66838210626,-170633.8096160337,61.2,1737337910.226,3.453125,3.3515625,1.296875
47398.78995117769,-170634.5589701755,51.5,1737337910.226,0.3828125,2.4140625,4.875
47397.304595173075,-170632.5697679366,52.8,1737337910.226,2.671875,1.453125,-10.414060000000001
47397.549261683154,-170633.1398249153,52.5,1737337910.226,2.171875,1.8203125,-7.484375
47399.923894292566,-170635.08129937953,53.0,1737337910.226,-0.859375,2.2890625,-2.601562
47385.72886307577,-170645.79997489337,82.6,1737337910.226,5.9375,18.7265625,-0.6484375
47390.71798365164,-170643.51476127747,88.5,1737337910.226,2.796875,14.2265625,-0.6484375
47390.98389990701,-170642.95511882202,77.1,1737337910.226,2.8515625,13.609375,-0.6484375
47400.297337425116,-170644.21210370286,87.1,1737337910.226,-5.8125,9.96875,-0.3203125
47399.61881457838,-170642.4076712781,89.1,1737337910.226,-4.3125,8.7578125,-0.3203125
47397.93191814276,-170633.07494965388,51.0,1737337910.226,1.875,1.5703125,4.875
47400.8185719455,-170635.67130909784,52.8,1737337910.226,-1.9296875,2.34375,-10.414060000000001
47401.246044414445,-170635.3608561097,51.3,1737337910.226,-2.140625,1.859375,-7.484375
47397.3695420375,-170634.38475630668,71.2,1737337910.226,1.6953125,2.984375,-0.6484375
47397.34815443776,-170637.87130713972,60.5,1737337910.226,-0.0546875,6.0,5.203125
47398.251736583086,-170635.8739317256,51.6,1737337910.226,0.1796875,3.8203125,-10.085939999999999
47396.718096034434,-170637.20134325733,58.3,1737337910.226,0.828125,5.7421875,-9.109375
47396.98004966954,-170636.64843376534,56.7,1737337910.226,0.8828125,5.1328125,-9.109375
47397.943844480746,-170636.38167432867,72.6,1737337910.226,0.1875,4.4140625,-0.6484375
47398.10112388792,-170638.02437599192,54.4,1737337910.226,-0.78125,5.75,-9.109375
47393.90277831535,-170643.18631583743,58.8,1737337910.226,0.21875,12.328125,1.296875
47393.34846887271,-170645.60681531113,60.5,1737337910.226,-0.53125,14.6953125,3.8984379999999996
47394.138641494064,-170642.40048805787,60.0,1737337910.226,0.4140625,11.53125,7.8046880000000005
47395.221875249736,-170641.20685948842,56.1,1737337910.226,0.0859375,9.953125,-8.78125
47393.388971382235,-170645.16833128847,58.2,1737337910.226,-0.34375,14.296875,-6.507812
47394.31829310441,-170643.20423490257,60.3,1737337910.226,-0.1484375,12.1328125,-5.851562
47390.288905342306,-170650.91319700927,60.9,1737337910.226,-0.5859375,20.8203125,-5.203125
47393.08886309826,-170644.53844921687,58.5,1737337910.226,0.234375,13.90625,-5.203125
47395.699037564875,-170640.11885484075,59.3,1737337910.226,0.2265625,8.7734375,-2.273438
47396.38408034995,-170639.37075922743,58.1,1737337910.226,0.015625,7.78125,-1.625
47389.004101597566,-170650.13890799464,77.3,1737337910.226,0.9140625,20.8046875,-0.6484375
47392.48184553153,-170645.32340068946,80.7,1737337910.226,0.359375,14.890625,-0.6484375
47392.80685199488,-170646.20362959587,80.4,1737337910.226,-0.3671875,15.484375,-0.3203125
47387.9162768493,-170654.11282799247,74.4,1737337910.226,-0.1640625,24.78125,0.0
47388.138988287246,-170651.9322957399,53.4,1737337910.226,0.75,22.7890625,4.554688
47390.43520632148,-170650.3103515202,75.8,1737337910.226,-0.40625,20.2265625,-0.6484375
47404.43626888377,-170639.4875916282,85.2,1737337910.301,-6.9140625,3.9765625,0.0
47402.0357841877,-170639.45009317427,82.5,1737337910.301,-4.7890625,5.09375,0.0
47397.65194919335,-170633.03416994994,54.1,1737337910.301,2.1328125,1.5625,2.601562
47399.80101006924,-170635.6847050242,55.3,1737337910.301,-1.0234375,2.859375,2.921875
47395.79032054794,-170638.80914863612,61.7,1737337910.301,1.0,7.5234375,7.484375
47389.991190546316,-170644.8024339343,63.5,1737337910.301,3.21875,15.5625,7.8046880000000005
47399.59657295664,-170635.43960679337,55.3,1737337910.301,-0.7265625,2.7421875,7.8046880000000005
47401.750189459366,-170635.34235489435,51.9,1737337910.301,-2.5703125,1.625,10.085939999999999
47399.96136221882,-170635.309402307,53.1,1737337910.301,-0.984375,2.453125,-10.085939999999999
47398.3111154567,-170634.72905305607,56.1,1737337910.301,0.7421875,2.734375,-9.4375
47400.903376587186,-170635.65448006106,50.6,1737337910.301,-1.9765625,2.3046875,-2.601562
47400.27566362873,-170635.124937883,48.5,1737337910.301,-1.171875,2.140625,-2.601562
47390.980984663234,-170643.82070634913,89.6,1737337910.301,2.8203125,14.2265625,-0.6484375
47401.497160036735,-170639.1649915261,89.9,1737337910.301,-4.1796875,5.1015625,-0.6484375
47407.19367918991,-170646.99167312993,79.7,1737337910.301,-12.9296875,9.2421875,-0.3203125
47399.970472951056,-170642.4348247864,91.1,1737337910.301,-4.40625,8.703125,-0.3203125
47399.276681218966,-170633.44928270433,67.6,1737337910.301,0.5078125,1.1484375,-0.3203125
47400.57300041455,-170633.275708996,75.9,1737337910.301,-0.546875,0.375,0.0
47401.4354044688,-170635.05482558275,52.2,1737337910.301,-2.15625,1.5234375,2.601562
47397.24358756883,-170632.91807688368,55.2,1737337910.301,2.546875,1.65625,2.921875
47398.35132175365,-170640.02013184983,59.8,1737337910.301,-1.828125,7.359375,7.484375
47393.66543922541,-170647.13730391688,57.8,1737337910.301,-1.125,15.8515625,7.8046880000000005
47398.102306597844,-170634.50827024007,54.1,1737337910.301,1.03125,2.640625,7.8046880000000005
47397.24855897594,-170632.97419384404,51.6,1737337910.301,2.515625,1.703125,10.085939999999999
47398.223313031056,-170634.3518062561,52.1,1737337910.301,1.0,2.4453125,-10.085939999999999
47397.44496833709,-170632.95679391915,53.0,1737337910.301,2.3515625,1.59375,-9.4375
47397.56934057498,-170634.06604690698,50.2,1737337910.301,1.7109375,2.5078125,-2.601562
47398.39480731655,-170634.2496022098,48.5,1737337910.301,0.8984375,2.2734375,-2.601562
47396.74864210017,-170634.6238409453,70.2,1737337910.301,2.1640625,3.390625,-0.6484375
47399.28029844387,-170635.9701161327,69.9,1737337910.301,-0.703125,3.359375,-0.6484375
47399.0169009272,-170632.702246215,65.6,1737337910.301,1.09375,0.6171875,-0.3203125
47398.94002773685,-170635.41945998446,53.6,1737337910.301,-0.140625,3.0390625,-7.8046880000000005
47397.82374317892,-170636.12743119767,76.8,1737337910.301,0.5,4.1953125,-0.6484375
47398.08632839481,-170635.82573242587,70.9,1737337910.301,0.4140625,3.8046875,-0.6484375
47397.32696970764,-170637.689788474,57.3,1737337910.301,0.1875,5.8046875,8.460938
47390.589394021976,-170650.22897882198,59.5,1737337910.301,0.09375,20.0390625,2.273438
47394.63199166946,-170642.52926200096,56.3,1737337910.301,0.234375,11.34375,-9.4375
47390.06491031118,-170650.61913772038,85.3,1737337910.301,0.3671875,20.6328125,-0.6484375
47392.71896605061,-170647.110212598,84.5,1737337910.301,-0.28125,16.28125,-0.6484375
47392.863862358114,-170646.29034594446,79.8,1737337910.301,-0.015625,15.4921875,-0.6484375
47392.73377395199,-170645.53399532178,84.6,1737337910.301,0.4609375,14.890625,-0.6484375
47388.52307684373,-170654.50374282073,75.5,1737337910.301,-0.140625,24.78125,0.0
47404.71456349494,-170638.79612736678,84.2,1737337910.3760002,-6.390625,4.09375,0.3203125
47400.343163759004,-170635.29731407846,55.6,1737337910.3760002,-1.046875,2.421875,6.179688
47398.11090318023,-170634.5276049375,56.2,1737337910.3760002,1.3125,2.515625,7.484375
47400.3402760034,-170636.29403916546,54.4,1737337910.3760002,-1.40625,3.3515625,-9.4375
47400.34524078002,-170635.70061840198,52.3,1737337910.3760002,-1.1953125,2.796875,-7.484375
47400.012042667324,-170635.0927460446,54.3,1737337910.3760002,-0.6640625,2.3515625,-7.484375
47402.28581803487,-170634.6376165646,52.7,1737337910.3760002,-2.6171875,1.1015625,-6.507812
47399.0402539292,-170634.78932449507,52.6,1737337910.3760002,0.3515625,2.421875,-6.179688
47392.5818156683,-170644.96660145617,90.3,1737337910.3760002,2.671875,14.25,-0.6484375
47392.88928520205,-170644.45758261453,81.0,1737337910.3760002,2.5703125,13.6640625,-0.6484375
47402.27116714113,-170638.93356449867,91.8,1737337910.3760002,-4.1640625,5.109375,-0.6484375
47396.819656838634,-170632.6992850295,76.7,1737337910.3760002,3.1796875,1.28125,-0.6484375
47409.02903023082,-170645.90357908653,84.0,1737337910.3760002,-12.9921875,9.1484375,-0.3203125
47401.139175904456,-170642.37460913984,92.2,1737337910.3760002,-4.359375,8.7265625,-0.3203125
47399.48804194252,-170633.40424564722,70.1,1737337910.3760002,0.4375,0.96875,-0.3203125
47399.988334876514,-170633.0458741574,81.5,1737337910.3760002,0.1015625,0.453125,0.0
47401.70311905465,-170634.86323525393,51.4,1737337910.3760002,-2.15625,1.5234375,6.179688
47401.8421527432,-170635.00129591714,48.4,1737337910.3760002,-2.3359375,1.6015625,7.484375
47397.54504458057,-170633.52715003988,51.2,1737337910.3760002,2.203125,1.7890625,-6.507812
47397.85966196984,-170633.17185350886,48.4,1737337910.3760002,2.0390625,1.34375,-6.179688
47396.422764373485,-170632.77094437994,68.8,1737337910.3760002,3.5234375,1.4921875,-0.6484375
47397.72176359738,-170634.98801095982,74.2,1737337910.3760002,1.5078125,3.0859375,-0.6484375
47399.83248571988,-170633.63916395055,68.6,1737337910.3760002,0.03125,1.0625,-0.3203125
47398.966155967064,-170636.2697889887,54.2,1737337910.3760002,-0.1171875,3.828125,9.4375
47398.59401905553,-170637.1812451864,59.1,1737337910.3760002,-0.1015625,4.8125,-1.945312
47398.711397061794,-170636.17046141654,71.6,1737337910.3760002,0.15625,3.828125,-0.6484375
47391.232314526525,-170653.39594945605,59.1,1737337910.3760002,0.8671875,22.59375,3.578125
47393.90853934677,-170647.86530167735,60.6,1737337910.3760002,0.3828125,16.46875,4.554688
47395.420688725906,-170645.92251002323,55.5,1737337910.3760002,-0.3203125,14.109375,-8.132812
47392.96559187479,-170653.01518628685,57.8,1737337910.3760002,-0.609375,21.609375,-6.507812
47393.244345424035,-170654.36489385564,55.4,1737337910.3760002,-1.359375,22.765625,-3.25
47393.03461900242,-170651.78430380608,81.1,1737337910.3760002,-0.2265625,20.4375,-0.6484375
47394.41337923387,-170647.86088569462,86.1,1737337910.3760002,-0.0859375,16.28125,-0.6484375
47395.174131846885,-170647.09256099464,88.6,1737337910.3760002,-0.515625,15.2890625,-0.6484375
47394.637257580325,-170646.25434219948,81.4,1737337910.3760002,0.2890625,14.703125,-0.6484375
47394.695413449765,-170647.76121503636,55.5,1737337910.3760002,-0.3125,16.0859375,-8.460938
47405.82620331398,-170638.33130233438,85.8,1737337910.451,-7.25,3.328125,0.0
47403.14649375992,-170639.02278862338,80.0,1737337910.451,-4.9765625,4.90625,0.0
47403.14759361478,-170635.4164165959,76.4,1737337910.451,-3.7265625,1.5234375,0.3203125
47398.070325543165,-170634.27987690718,54.4,1737337910.451,1.4296875,2.21875,0.96875
47399.292392025316,-170635.38992217014,54.6,1737337910.451,-0.1015625,2.8359375,1.625
47401.47062888562,-170635.22098852944,52.2,1737337910.451,-2.0859375,1.921875,5.53125
47399.78944874148,-170635.3072126126,51.7,1737337910.451,-0.5390625,2.5859375,9.4375
47400.66993789339,-170635.29135232608,53.0,1737337910.451,-1.359375,2.265625,-2.921875
47391.43164000588,-170646.19328868616,87.5,1737337910.451,3.5234375,15.6953125,-0.6484375
47395.8012646176,-170647.35130945468,81.3,1737337910.451,-0.9765625,15.265625,-0.6484375
47392.930537935215,-170645.0234167241,92.7,1737337910.451,2.5234375,14.078125,-0.6484375
47402.61380945887,-170643.77363660216,87.6,1737337910.451,-6.125,9.546875,-0.3203125
47401.40599588245,-170642.37732192935,90.1,1737337910.451,-4.5078125,8.65625,-0.3203125
47402.34138607017,-170638.92492398818,81.9,1737337910.451,-4.1875,5.09375,-0.3203125
47399.08441475561,-170635.09642602614,49.0,1737337910.451,0.1953125,2.6328125,0.96875
47397.724834721776,-170634.11044437962,54.3,1737337910.451,1.8125,2.1796875,1.625
47398.90193269809,-170634.7790406109,50.2,1737337910.451,0.4765625,2.3984375,1.625
47397.906212604925,-170634.38577268686,50.6,1737337910.451,1.546875,2.375,5.53125
47398.086887438934,-170634.30266200405,47.1,1737337910.451,1.40625,2.234375,9.4375
47401.55353828588,-170634.95178278195,51.9,1737337910.451,-2.0703125,1.640625,-2.921875
47399.18348564631,-170635.77445878027,51.6,1737337910.451,-0.1328125,3.234375,2.273438
47398.4465348443,-170637.60931396647,59.6,1737337910.451,-0.078125,5.2109375,3.25
47398.918096348294,-170637.5504936802,59.1,1737337910.451,-0.5,4.9921875,8.78125
47398.838998358035,-170635.42214306988,53.7,1737337910.451,0.3125,3.0234375,-8.78125
47398.94900963134,-170635.6877350903,52.2,1737337910.451,0.1171875,3.234375,-5.851562
47398.79041684508,-170635.39584488724,56.4,1737337910.451,0.3671875,3.015625,-3.578125
47397.919565498516,-170636.93961284088,72.9,1737337910.451,0.6484375,4.765625,-0.6484375
47398.92441875082,-170636.51994393315,67.0,1737337910.451,-0.1484375,4.0234375,-0.6484375
47398.984844258135,-170636.33404943114,52.4,1737337910.451,-0.140625,3.828125,7.15625
47397.02392486856,-170641.29799514616,57.8,1737337910.451,-0.0234375,9.1640625,4.226562
47394.67836894751,-170646.536165714,59.4,1737337910.451,0.359375,14.890625,6.179688
47396.555174841065,-170642.18249987028,56.4,1737337910.451,0.109375,10.15625,6.828125
47395.44663775743,-170645.56252766858,58.5,1737337910.451,-0.0234375,13.7109375,8.132812
47396.88942335601,-170642.0895522593,56.9,1737337910.451,-0.171875,9.953125,9.109375
47395.78610378059,-170643.78890168006,57.8,1737337910.451,0.2734375,11.9296875,-5.53125
47398.279110822754,-170638.80518146744,58.9,1737337910.451,-0.3359375,6.390625,-5.203125
47396.51773571318,-170642.80171305806,57.7,1737337910.451,-0.0703125,10.75,-4.554688
47395.4527588774,-170644.08209734006,60.4,1737337910.451,0.484375,12.3203125,-1.625
47392.878752459495,-170651.7846742566,84.2,1737337910.451,0.2265625,20.4375,-0.6484375
47393.49183948782,-170649.04604305504,87.2,1737337910.451,0.6015625,17.65625,-0.6484375
47394.96805296157,-170648.11767327948,85.6,1737337910.451,-0.4609375,16.2734375,-0.6484375
47391.76027924627,-170656.00233112837,75.7,1737337910.451,-0.1875,24.78125,0.0
47406.23292621273,-170641.3305057311,91.6,1737337910.5279999,-8.671875,6.0,0.3203125
47405.50751316172,-170638.629918225,88.5,1737337910.5279999,-7.0546875,3.71875,0.3203125
47404.39545939271,-170639.0016080276,77.6,1737337910.5279999,-6.140625,4.453125,0.3203125
47397.706164398594,-170633.62041383493,50.7,1737337910.5279999,2.0,1.7265625,3.8984379999999996
47401.99599373032,-170637.15621718366,58.9,1737337910.5279999,-3.25,3.5546875,4.554688
47400.39581368185,-170635.13165608534,52.7,1737337910.5279999,-1.046875,2.2109375,-10.414060000000001
47413.220936298916,-170646.0391873216,60.8,1737337910.5279999,-16.859375,7.9921875,-7.484375
47390.29377902198,-170637.40104557178,72.6,1737337910.5279999,7.640625,7.84375,-0.96875
47393.04697297224,-170645.09147081082,94.8,1737337910.5279999,2.390625,14.1015625,-0.6484375
47402.6316703323,-170638.81571568534,88.5,1737337910.5279999,-4.421875,4.890625,-0.6484375
47397.81065623983,-170634.89186336068,71.7,1737337910.5279999,1.4609375,2.8828125,-0.6484375
47398.386427818965,-170652.4556743599,84.5,1737337910.5279999,-5.171875,19.15625,-0.3203125
47409.07956522099,-170645.61530875828,80.4,1737337910.5279999,-12.828125,9.03125,-0.3203125
47401.48549283822,-170642.36507608983,93.2,1737337910.5279999,-4.578125,8.6171875,-0.3203125
47400.008264312666,-170633.747184687,66.7,1737337910.5279999,-0.203125,1.046875,0.0
47397.49859041393,-170634.83475037655,51.5,1737337910.5279999,1.7734375,2.9375,2.273438
47401.88136231718,-170634.44830158213,47.1,1737337910.5279999,-2.203125,1.0546875,-10.414060000000001
47396.88028083795,-170634.99755929768,66.4,1737337910.5279999,2.296875,3.3046875,-0.6484375
47394.7157146333,-170651.77272746124,75.1,1737337910.5279999,-1.4921875,19.7890625,-0.3203125
47399.13038751447,-170635.9630633976,54.1,1737337910.5279999,-0.1484375,3.4296875,9.757812
47398.34174179915,-170636.27111509105,66.5,1737337910.5279999,0.484375,3.9921875,-0.6484375
47399.27874224731,-170636.41776180186,65.8,1737337910.5279999,-0.4453125,3.8046875,-0.3203125
47397.505421782196,-170639.7934742638,58.9,1737337910.5279999,0.046875,7.5859375,2.921875
47394.804942836505,-170647.43261435383,60.1,1737337910.5279999,-0.0703125,15.6875,3.578125
47397.54768089264,-170640.8503221935,59.5,1737337910.5279999,-0.359375,8.5625,-9.757812
47392.1141980179,-170653.17617326634,57.6,1737337910.5279999,0.4609375,22.0078125,-1.945312
47392.74675905979,-170651.51095189026,77.6,1737337910.5279999,0.4453125,20.2265625,-0.6484375
47395.732608123086,-170647.33424579236,88.2,1737337910.5279999,-0.90625,15.2734375,-0.6484375
47391.69433286705,-170655.97794009055,75.7,1737337910.5279999,-0.1171875,24.78125,0.0
47395.312136244895,-170646.35408478175,85.5,1737337910.5279999,-0.171875,14.5,-0.6484375
47404.13572929059,-170642.49981964158,96.2,1737337910.601,-8.375,6.40625,0.0
47401.83522931002,-170640.55716090061,84.7,1737337910.601,-5.4140625,5.859375,0.0
47401.739335091486,-170635.05123071672,51.8,1737337910.601,-2.6015625,1.125,10.085939999999999
47386.62855192272,-170637.17641420945,60.8,1737337910.601,9.46875,10.4609375,-9.4375
47401.71305592278,-170634.82933848366,51.8,1737337910.601,-2.46875,0.9453125,-9.4375
47399.30249151178,-170635.52247554515,55.0,1737337910.601,-0.71875,2.7421875,-7.8046880000000005
47401.36166246205,-170639.24341444368,70.6,1737337910.601,-4.3515625,4.953125,-1.296875
47388.90265832705,-170634.9571393764,75.0,1737337910.601,8.59375,7.40625,-0.96875
47389.67921131193,-170635.66121348087,76.0,1737337910.601,7.5703125,7.6328125,-0.96875
47391.03819668396,-170643.90300239707,94.3,1737337910.601,2.3046875,14.1171875,-0.6484375
47401.51464464959,-170639.00689350715,81.5,1737337910.601,-4.3671875,4.671875,-0.6484375
47395.230543604084,-170652.0347849481,84.0,1737337910.601,-5.3671875,19.1015625,-0.3203125
47406.93557470574,-170646.8773692811,82.3,1737337910.601,-12.9765625,8.8203125,-0.3203125
47399.70731992547,-170642.53604224566,89.4,1737337910.601,-4.546875,8.6328125,-0.3203125
47401.42560877729,-170639.2259387458,82.0,1737337910.601,-4.3984375,4.90625,-0.3203125
47399.58549148376,-170633.74998780937,71.9,1737337910.601,-0.0859375,1.0625,-0.3203125
47399.00688955751,-170635.4257273809,50.8,1737337910.601,-0.4140625,2.8046875,10.085939999999999
47400.53501282112,-170635.38035636052,51.4,1737337910.601,-1.71875,2.0078125,-9.4375
47400.56999702785,-170635.57123537108,50.9,1737337910.601,-1.84375,2.15625,-7.8046880000000005
47396.311454951414,-170634.30112851178,66.2,1737337910.601,2.484375,3.1640625,-0.6484375
47398.97833801639,-170632.70182283025,66.9,1737337910.601,0.9609375,0.453125,-0.3203125
47397.71564815068,-170636.31693077006,57.8,1737337910.601,0.265625,4.21875,2.601562
47398.73852670708,-170635.53342856275,56.6,1737337910.601,-0.234375,3.03125,3.578125
47397.80991024074,-170636.82949403804,61.1,1737337910.601,-0.0703125,4.6171875,8.460938
47396.995058283515,-170637.01209455275,58.6,1737337910.601,0.546875,5.1796875,-8.460938
47397.870615830354,-170636.17149681982,70.8,1737337910.601,0.203125,4.015625,-0.6484375
47388.55180495443,-170651.5692576399,61.2,1737337910.601,0.6640625,22.0078125,6.507812
47396.879472336936,-170638.3494044276,56.7,1737337910.601,-0.015625,6.3984375,-7.15625
47394.22955596966,-170642.75595654314,58.0,1737337910.601,0.1015625,11.5390625,-3.25
47390.0562007454,-170650.6198019244,77.6,1737337910.601,-0.171875,20.4375,-0.6484375
47390.84451946456,-170647.86737022552,82.3,1737337910.601,0.5078125,17.65625,-0.6484375
47393.246977852425,-170646.4949533183,87.7,1737337910.601,-0.8984375,15.2734375,-0.6484375
47392.606891292315,-170645.47296907517,84.4,1737337910.601,0.1640625,14.703125,-0.6484375
47387.814854961034,-170654.34201203118,74.6,1737337910.601,-0.0703125,24.78125,0.0
47390.296233313114,-170650.07314876298,79.7,1737337910.601,-0.109375,19.84375,-0.6484375
47394.99459815111,-170641.82529738094,72.4,1737337910.601,-0.1015625,10.3515625,-0.6484375
47403.084942152454,-170640.11887183244,85.8,1737337910.676,-5.8203125,5.453125,0.0
47402.5704913089,-170639.04984843105,80.6,1737337910.676,-4.9140625,4.6875,0.0
47399.76082530319,-170633.79534509993,78.9,1737337910.676,-0.203125,1.0390625,0.0
47400.1096840836,-170635.40652103178,50.5,1737337910.676,-1.1796875,2.3671875,3.25
47397.51314085645,-170633.6539338293,54.3,1737337910.676,1.90625,1.828125,4.875
47398.69486955344,-170635.278352055,54.0,1737337910.676,0.1640625,2.828125,9.757812
47401.27227380379,-170635.52452396948,52.3,1737337910.676,-2.2890625,2.0,-8.132812
47401.08328201075,-170635.60257000846,54.6,1737337910.676,-2.1484375,2.1484375,-7.484375
47400.34504790281,-170635.1866036877,51.4,1737337910.676,-1.3046875,2.0703125,-7.484375
47389.469039168434,-170635.75442351965,74.1,1737337910.676,8.390625,7.03125,-0.96875
47394.94267515834,-170646.78025002228,81.4,1737337910.676,-1.109375,14.859375,-0.6484375
47392.23412529037,-170644.78067724188,92.2,1737337910.676,2.1796875,14.140625,-0.6484375
47387.05994779561,-170641.63488988846,81.8,1737337910.676,8.1875,13.3828125,-0.3203125
47400.836377029256,-170642.48489563967,88.4,1737337910.676,-4.734375,8.53125,-0.3203125
47398.682028884105,-170641.8289099138,79.7,1737337910.676,-2.5,8.8125,-0.3203125
47398.95226839383,-170632.96274640455,76.7,1737337910.676,0.875,0.609375,0.0
47397.71745551292,-170634.09629372688,48.7,1737337910.676,1.5390625,2.1484375,3.25
47398.11036712962,-170634.61449548212,53.3,1737337910.676,0.96875,2.4609375,4.875
47397.257371154235,-170633.4795576419,51.0,1737337910.676,2.2109375,1.7734375,9.757812
47397.36874434196,-170634.28260409806,50.5,1737337910.676,1.78125,2.4609375,-8.132812
47397.53385916448,-170634.54479753075,53.5,1737337910.676,1.5234375,2.6328125,-7.484375
47398.917188495216,-170635.81436067913,53.1,1737337910.676,-0.2578125,3.2265625,2.601562
47396.91659603197,-170637.68365810392,59.3,1737337910.676,0.8046875,5.75,7.484375
47398.74285351169,-170635.74490134805,56.2,1737337910.676,-0.0703125,3.234375,8.460938
47398.722801257594,-170635.52194895313,54.9,1737337910.676,0.0390625,3.0390625,9.757812
47398.36418666557,-170638.33148455553,59.0,1737337910.676,-0.78125,5.75,7.484375
47398.59763473072,-170635.45737522526,51.9,1737337910.676,0.1796875,3.03125,-9.109375
47391.76697333367,-170654.0294713201,58.2,1737337910.676,-1.171875,22.7734375,5.53125
47394.549368708846,-170646.41593616368,55.4,1737337910.676,-0.6015625,14.6875,-8.460938
47394.50497944977,-170644.2391667676,60.7,1737337910.676,0.328125,12.71875,-6.507812
47390.905620667625,-170653.67823493975,56.1,1737337910.676,-0.2421875,22.8046875,-6.179688
47395.17178006261,-170645.59890755505,59.5,1737337910.676,-0.8359375,13.6875,-6.179688
47391.84279119356,-170651.06770095706,58.4,1737337910.676,-0.03125,20.0390625,-5.203125
47391.75847763659,-170651.46648525895,78.7,1737337910.676,-0.1171875,20.4375,-0.6484375
47394.01269403076,-170645.97034379895,84.4,1737337910.676,0.0703125,14.5,-0.6484375
47390.041183143854,-170655.45684488403,75.1,1737337910.676,-0.1796875,24.78125,0.0
47403.13616991195,-170639.00471919662,72.9,1737337910.755,-5.1015625,4.78125,0.0
47399.770019493386,-170633.81661676432,72.7,1737337910.755,-0.171875,1.046875,0.0
47405.226072262936,-170639.03762174046,86.3,1737337910.755,-7.078125,4.1015625,0.3203125
47404.43620966008,-170638.90156260587,82.3,1737337910.755,-6.2890625,4.2421875,0.3203125
47397.94041811775,-170634.14367263802,51.9,1737337910.755,1.4375,1.9765625,5.851562
47399.65347696068,-170635.79320195838,54.3,1737337910.755,-0.734375,2.9453125,6.828125
47402.68133854253,-170635.18496099196,53.0,1737337910.755,-3.375,1.34375,-6.179688
47398.12654819288,-170635.1912582781,52.2,1737337910.755,0.90625,2.8984375,-3.8984379999999996
47393.22414882538,-170645.16548903892,91.8,1737337910.755,2.125,13.9453125,-0.6484375
47402.53010461851,-170638.63604627468,81.8,1737337910.755,-4.40625,4.640625,-0.6484375
47401.612504653625,-170642.39155850615,88.3,1737337910.755,-4.8203125,8.484375,-0.3203125
47398.94101063385,-170633.07657039605,71.3,1737337910.755,0.859375,0.6328125,0.0
47399.14022199892,-170635.07594160776,50.8,1737337910.755,-0.0078125,2.4453125,5.851562
47397.516704071975,-170634.58030134765,50.4,1737337910.755,1.6875,2.53125,6.828125
47402.24193076217,-170635.06761983514,53.0,1737337910.755,-2.921875,1.3828125,-5.851562
47401.529650128294,-170635.38329518653,50.9,1737337910.755,-2.359375,1.921875,-3.8984379999999996
47398.87220627594,-170635.6104044057,54.7,1737337910.755,0.0625,3.0390625,-8.460938
47392.34966917102,-170654.27001147508,55.8,1737337910.755,-0.1484375,22.8046875,1.945312
47394.534912124735,-170647.28431397368,57.6,1737337910.755,0.171875,15.4921875,5.203125
47397.58680102617,-170639.3492326793,57.8,1737337910.755,0.0,6.9921875,5.851562
47394.263724599245,-170651.57262274192,57.0,1737337910.755,-1.03125,19.6171875,-9.4375
47394.09940575807,-170647.11023092535,81.8,1737337910.755,0.640625,15.4765625,-0.6484375
47395.269023059394,-170646.49469654332,82.7,1737337910.755,-0.25,14.5,-0.6484375
47395.491221574666,-170647.18979334095,77.8,1737337910.755,-0.6953125,15.078125,-0.3203125
47394.31631037117,-170650.76088579837,55.8,1737337910.755,-0.8046875,18.8359375,9.757812
47405.835347492546,-170641.53417688725,95.8,1737337910.826,-8.5,6.2421875,0.0
47403.11347197411,-170640.1014105269,81.6,1737337910.826,-5.453125,5.8203125,0.0
47403.014383423164,-170638.8360717035,74.6,1737337910.826,-4.9296875,4.6640625,0.3203125
47401.14100476594,-170634.91877815634,52.2,1737337910.826,-1.8359375,1.6171875,2.601562
47394.237432178685,-170636.0446944434,61.7,1737337910.826,4.2734375,5.0234375,8.132812
47390.44652754493,-170637.31578663472,74.0,1737337910.826,7.40625,7.5078125,-0.96875
47396.24451585902,-170647.40401286926,84.7,1737337910.826,-1.4765625,15.0234375,-0.6484375
47393.28495875672,-170645.20409137732,88.0,1737337910.826,2.0546875,13.9609375,-0.6484375
47401.63985858941,-170642.3848339818,94.6,1737337910.826,-4.84375,8.46875,-0.3203125
47402.620135879435,-170638.5938317349,86.5,1737337910.826,-4.4765625,4.5703125,-0.3203125
47399.51795221088,-170635.7774296775,49.1,1737337910.826,-0.6015625,2.9765625,8.132812
47398.68558357689,-170648.21187337214,75.4,1737337910.826,-4.046875,14.953125,-0.6484375
47399.247235963514,-170635.92877074805,54.2,1737337910.826,-0.3984375,3.2109375,5.851562
47398.52753932776,-170638.40171628006,57.0,1737337910.826,-0.5625,5.78125,7.8046880000000005
47398.640636285236,-170636.36573270994,54.2,1737337910.826,0.0234375,3.828125,-3.8984379999999996
47398.589207362755,-170636.3471373184,71.4,1737337910.826,0.078125,3.828125,-0.6484375
47397.196322776486,-170637.8788446704,54.6,1737337910.826,0.8671875,5.7421875,7.8046880000000005
47395.019514648186,-170646.19679298624,57.4,1737337910.826,0.0859375,14.3046875,4.875
47393.64946965286,-170649.2736472055,57.4,1737337910.826,0.328125,17.6640625,8.460938
47393.904888524616,-170652.0825547147,59.9,1737337910.826,-0.8671875,20.21875,-7.8046880000000005
47393.806114159095,-170648.05923742626,59.3,1737337910.826,0.59375,16.46875,-7.484375
47396.95496951179,-170640.59120706035,58.6,1737337910.826,0.171875,8.375,-3.25
47397.042256208435,-170639.77540207698,60.4,1737337910.826,0.3671875,7.578125,-3.25
47393.3047586648,-170651.6744903636,79.1,1737337910.826,-0.1640625,20.0390625,-0.6484375
47394.14083120713,-170647.1335168213,84.3,1737337910.826,0.59375,15.484375,-0.6484375
47394.92076888291,-170646.58477184412,80.5,1737337910.826,0.046875,14.703125,-0.6484375
47391.61145569006,-170656.1048913133,74.7,1737337910.826,-0.078125,24.78125,0.0
47396.82596815373,-170641.5913092315,55.2,1737337910.826,-0.046875,9.359375,-9.757812
47404.74486580722,-170642.4171574056,97.7,1737337910.901,-8.8984375,6.03125,0.3203125
47403.98599681642,-170639.66332322068,84.6,1737337910.901,-6.9140625,3.9765625,0.3203125
47402.08363627332,-170639.48048682048,82.5,1737337910.901,-5.15625,4.7265625,0.3203125
47396.21107283631,-170635.41607192962,61.2,1737337910.901,1.9453125,3.96875,5.53125
47399.801780233895,-170637.67600747437,60.3,1737337910.901,-2.2890625,4.234375,-6.179688
47389.72959765153,-170644.87377038092,85.9,1737337910.901,3.109375,15.375,-0.6484375
47394.00358237621,-170646.7943486739,85.7,1737337910.901,-1.5625,15.015625,-0.6484375
47391.390442483564,-170644.17752437093,87.3,1737337910.901,1.984375,13.96875,-0.6484375
47401.7449957768,-170639.17131255346,80.2,1737337910.901,-4.7109375,4.6171875,-0.6484375
47397.58896746006,-170635.20623065878,67.5,1737337910.901,0.8359375,3.125,-0.6484375
47395.24315257658,-170651.96352294946,80.7,1737337910.901,-5.125,18.9609375,-0.3203125
47400.12661025754,-170642.6134657521,92.1,1737337910.901,-4.9375,8.4140625,-0.3203125
47396.14191064744,-170648.111282575,76.1,1737337910.901,-4.0703125,15.1484375,-0.6484375
47397.906629931866,-170636.402658336,56.9,1737337910.901,-0.015625,4.0234375,6.828125
47397.40548750576,-170637.02815916596,58.2,1737337910.901,0.125,4.8125,9.109375
47398.223755595536,-170635.44549850278,56.8,1737337910.901,0.1640625,3.03125,-7.8046880000000005
47397.0309360946,-170637.73156661628,61.1,1737337910.901,0.1171875,5.609375,-6.828125
47398.480676948006,-170635.59445225212,50.9,1737337910.901,-0.1328125,3.0390625,6.507812
47397.63480008985,-170636.47692323528,57.9,1737337910.901,0.1875,4.21875,-8.78125
47387.975047118874,-170652.35253146614,54.3,1737337910.901,1.0703125,22.78125,2.601562
47390.44153296295,-170649.4438874886,57.0,1737337910.901,0.296875,19.046875,2.601562
47388.55374541573,-170652.69469168189,54.2,1737337910.901,0.3984375,22.8046875,-8.132812
47389.792812352745,-170653.3434519484,58.0,1737337910.901,-1.0,22.78125,-6.179688
47393.88626341083,-170643.89196029006,56.9,1737337910.901,-0.0703125,12.5234375,-5.851562
47393.341804626056,-170645.83743284445,80.5,1737337910.901,-0.5234375,14.4921875,-0.6484375
47388.094720697205,-170654.6956349212,75.9,1737337910.901,-0.15625,24.78125,0.0
47391.53479071993,-170650.458058263,57.2,1737337910.901,-1.1484375,19.4140625,2.601562
47404.35262035585,-170639.14082091072,83.1,1737337910.982,-6.78125,3.8125,0.3203125
47402.50830239456,-170639.28565394972,79.9,1737337910.982,-5.1640625,4.7109375,0.3203125
47402.49554942738,-170635.81808011213,60.3,1737337910.982,-3.7109375,1.5625,0.3203125
47396.66894914496,-170638.45482081082,58.7,1737337910.982,0.4921875,6.3828125,3.25
47399.673320697286,-170635.49015518074,52.7,1737337910.982,-1.0078125,2.4375,4.875
47396.894789072605,-170636.2129959841,60.1,1737337910.982,1.21875,4.25,5.53125
47396.73262369914,-170632.77161731312,54.0,1737337910.982,2.796875,1.1875,8.132812
47398.576873104124,-170635.42707243154,56.4,1737337910.982,0.015625,2.8359375,-9.757812
47389.19897837678,-170636.38044081972,77.4,1737337910.982,8.1484375,7.6015625,-0.96875
47395.41521511709,-170652.00361461635,82.0,1737337910.982,-4.0,19.2265625,-0.6484375
47387.494040815094,-170647.42089320126,84.6,1737337910.982,5.109375,18.3515625,-0.6484375
47390.57560853996,-170645.56525490622,87.0,1737337910.982,3.078125,15.3828125,-0.6484375
47401.88950609791,-170638.68498388867,84.5,1737337910.982,-4.3515625,4.421875,-0.6484375
47400.808066877384,-170642.55436249188,85.8,1737337910.982,-4.9765625,8.390625,-0.3203125
47398.348597352015,-170641.90262286857,76.3,1737337910.982,-2.46875,8.8203125,-0.3203125
47399.880673551335,-170641.4260902466,77.1,1737337910.982,-3.6640625,7.75,-0.3203125
47399.251650345526,-170639.23160725788,50.4,1737337910.982,-2.1796875,6.015625,3.25
47401.289442277375,-170635.01767867734,51.1,1737337910.982,-2.28125,1.3359375,4.875
47397.75894085962,-170635.13051745985,53.6,1737337910.982,0.8828125,2.90625,8.132812
47399.167857560955,-170636.03220999718,54.0,1737337910.982,-0.7734375,3.140625,-2.601562
47397.841485050645,-170637.69368866226,57.8,1737337910.982,-0.2578125,5.203125,1.296875
47393.368239152565,-170646.74723463444,58.8,1737337910.982,0.046875,15.296875,2.273438
47396.02432938237,-170641.21819251473,61.6,1737337910.982,-0.0703125,9.1640625,-6.828125
47393.00200481969,-170646.57124454645,87.4,1737337910.982,0.453125,15.2890625,-0.6484375
47394.345283842966,-170646.09431497392,89.3,1737337910.982,-0.5703125,14.296875,-0.6484375
47395.638283584245,-170642.7769041375,74.0,1737337910.982,-0.3671875,10.7421875,-0.6484375
47395.2172050375,-170641.93160031017,72.4,1737337910.982,0.3671875,10.1484375,-0.6484375
47389.667016294436,-170655.48364551854,75.6,1737337910.982,-0.21875,24.78125,0.0
47390.51002141001,-170653.69571626716,49.1,1737337910.982,-0.2421875,22.8046875,4.226562
47395.72472510402,-170641.9488315965,55.6,1737337910.982,-0.1015625,9.953125,8.78125
47390.389229180146,-170653.64050397358,51.6,1737337910.982,-0.109375,22.8046875,-4.226562
47405.36617373461,-170642.0350529638,96.0,1737337911.05,-8.90625,6.0234375,0.0
47404.488857594406,-170639.5381004299,80.3,1737337911.05,-7.0703125,4.1171875,0.3203125
47403.7982131437,-170639.28254690126,87.0,1737337911.05,-6.3359375,4.171875,0.3203125
47402.56959886604,-170639.03879364868,77.4,1737337911.05,-5.1171875,4.4609375,0.3203125
47399.3507401635,-170635.4629676377,55.4,1737337911.05,-0.703125,2.546875,-9.4375
47397.829143469535,-170634.33797204526,52.5,1737337911.05,1.1484375,2.15625,-8.460938
47391.352510470584,-170645.38778887852,64.2,1737337911.05,2.4453125,14.8984375,-4.875
47394.558309488886,-170651.7923247481,82.4,1737337911.05,-3.1328125,19.390625,-0.6484375
47394.541839611964,-170647.01738152886,89.7,1737337911.05,-1.1328125,15.0546875,-0.6484375
47392.31757084501,-170644.59195237563,82.2,1737337911.05,1.8984375,13.7734375,-0.6484375
47402.276035459276,-170638.74140146948,80.2,1737337911.05,-4.7265625,4.3125,-0.6484375
47401.88285898587,-170643.99911665756,84.2,1737337911.05,-6.5546875,9.2578125,-0.3203125
47400.89860782209,-170642.5442077599,89.6,1737337911.05,-5.0546875,8.34375,-0.3203125
47399.86321491879,-170641.42670010796,78.0,1737337911.05,-3.6484375,7.7578125,-0.3203125
47400.00178693371,-170635.48567324065,54.1,1737337911.05,-1.3046875,2.296875,-9.4375
47400.23503181003,-170635.25727838412,50.1,1737337911.05,-1.421875,1.9921875,-8.460938
47397.5920843043,-170652.37156304967,76.9,1737337911.05,-6.1328125,18.65625,-0.6484375
47398.214709325286,-170635.46769135934,54.2,1737337911.05,0.328125,3.0234375,-3.578125
47397.91592781901,-170636.42204488232,66.6,1737337911.05,0.203125,4.015625,-0.6484375
47395.92788829961,-170640.95936233323,58.3,1737337911.05,0.125,8.96875,1.296875
47395.51156234546,-170641.85139813725,61.2,1737337911.05,0.1328125,9.953125,3.8984379999999996
47390.833013329844,-170653.83476103074,55.5,1737337911.05,-0.59375,22.796875,-5.851562
47395.71562049032,-170642.5889152981,60.1,1737337911.05,-0.359375,10.5390625,-1.625
47393.53876935943,-170646.82518140186,89.4,1737337911.05,-0.140625,15.296875,-0.6484375
47394.39826960195,-170646.10994402244,82.5,1737337911.05,-0.625,14.2890625,-0.6484375
47389.581751191,-170655.44467213485,75.3,1737337911.05,-0.125,24.78125,0.0
47405.41469267252,-170641.9854827118,97.1,1737337911.127,-8.5703125,6.484375,0.0
47409.30256185932,-170647.47365808158,79.6,1737337911.127,-14.1640625,10.21875,0.3203125
47404.92510058532,-170639.17938378453,84.1,1737337911.127,-7.109375,4.0390625,0.3203125
47395.838147955175,-170639.37974820653,80.4,1737337911.127,1.3046875,7.4765625,0.3203125
47403.18204868839,-170638.9467547321,79.1,1737337911.127,-5.3984375,4.4453125,0.3203125
47389.70636437523,-170638.17716222667,60.4,1737337911.127,7.4609375,8.546875,3.25
47394.677634512,-170639.78855691955,62.0,1737337911.127,2.2421875,8.2734375,-10.414060000000001
47401.6906774508,-170634.9119641581,52.6,1737337911.127,-2.5625,1.2109375,-10.414060000000001
47398.847780364646,-170635.56314744498,53.8,1737337911.127,-0.140625,2.8359375,-4.875
47390.241100254054,-170635.86381621993,83.4,1737337911.127,7.7890625,6.1953125,-0.96875
47395.201694123294,-170648.09596814387,87.6,1737337911.127,-1.21875,15.84375,-0.6484375
47393.183417107444,-170645.13098570288,80.6,1737337911.127,1.7265625,13.796875,-0.6484375
47402.374263619924,-170638.47838469653,87.6,1737337911.127,-4.4765625,4.296875,-0.6484375
47396.06937163434,-170634.97576330949,72.6,1737337911.127,2.6640625,3.28125,-0.6484375
47396.343174926296,-170652.21425252035,84.8,1737337911.127,-3.7578125,19.28125,-0.3203125
47399.444733607044,-170642.21690976984,82.8,1737337911.127,-3.078125,8.8359375,-0.3203125
47400.373046693865,-170641.4096157823,78.7,1737337911.127,-3.65625,7.75,-0.3203125
47399.18131065378,-170633.77508475288,72.6,1737337911.127,0.1875,1.046875,-0.3203125
47394.6528690913,-170638.49906950694,77.6,1737337911.127,2.7265625,7.078125,0.3203125
47399.444777025106,-170641.43052042532,58.1,1737337911.127,-2.796875,8.1015625,-10.414060000000001
47398.36735862416,-170635.3540276609,51.6,1737337911.127,0.3828125,2.8125,-10.414060000000001
47400.50081067129,-170635.59397402394,52.8,1737337911.127,-1.6953125,2.2734375,-4.875
47397.89979982039,-170635.52630586806,68.2,1737337911.127,0.7578125,3.140625,-0.6484375
47397.96597028236,-170637.55949698028,59.8,1737337911.127,-0.03125,5.015625,0.96875
47398.65979853838,-170638.36905373324,59.0,1737337911.127,-0.96875,5.5234375,5.851562
47398.767827189,-170635.7500385643,51.1,1737337911.127,-0.1328125,3.0390625,-6.507812
47397.13284187619,-170637.8343612725,57.5,1737337911.127,0.6484375,5.5703125,5.851562
47394.988971327635,-170646.35801421024,57.7,1737337911.127,-0.3984375,14.296875,4.554688
47393.757699506845,-170646.29632037645,59.6,1737337911.127,0.7734375,14.6796875,4.875
47396.217814937605,-170642.6038723539,58.4,1737337911.127,-0.203125,10.3515625,5.203125
47392.44742673632,-170654.478360643,55.6,1737337911.127,-0.9296875,22.7890625,7.8046880000000005
47390.956329489294,-170653.91557374052,55.8,1737337911.127,0.6640625,22.796875,8.78125
47392.926231497775,-170650.23613787562,56.5,1737337911.127,0.140625,18.65625,-2.273438
47393.61007543301,-170651.94540048382,83.0,1737337911.127,-1.109375,20.0078125,-0.6484375
47393.92639366913,-170647.01348697089,89.4,1737337911.127,0.359375,15.2890625,-0.6484375
47395.33745364666,-170646.47476554476,80.7,1737337911.127,-0.765625,14.28125,-0.6484375
47390.92501182944,-170656.02854709842,74.1,1737337911.127,-0.0625,24.78125,0.0
47394.41970005536,-170647.21081007386,58.6,1737337911.127,-0.171875,15.296875,3.8984379999999996
47395.52848501882,-170644.66558386164,53.6,1737337911.127,-0.296875,12.5234375,6.179688
47393.28924263517,-170648.67688413404,55.1,1737337911.127,0.359375,17.0703125,-5.851562
47401.363867737855,-170642.32280665677,79.7,1737337911.2020001,-5.4609375,7.8515625,0.0
47400.24567926239,-170633.78233137663,63.7,1737337911.2020001,-0.921875,0.53125,0.0
47409.09647403404,-170647.596083327,81.3,1737337911.2020001,-14.6796875,9.46875,0.3203125
47406.804180440246,-170645.28995995186,79.9,1737337911.2020001,-11.640625,8.3125,0.3203125
47405.02389376338,-170642.21221953293,98.6,1737337911.2020001,-8.75,6.2421875,0.3203125
47404.17181923086,-170639.71733086222,81.5,1737337911.2020001,-6.9453125,4.3203125,0.3203125
47404.0172646903,-170639.33871598908,80.9,1737337911.2020001,-6.6484375,4.0390625,0.3203125
47402.700601633915,-170639.19751246573,80.7,1737337911.2020001,-5.390625,4.453125,0.3203125
47400.665104709406,-170635.1296822096,50.7,1737337911.2020001,-1.859375,1.5859375,-7.484375
47394.22588516063,-170647.86556024366,86.0,1737337911.2020001,-1.2421875,15.84375,-0.6484375
47390.82944700392,-170645.66872495422,87.2,1737337911.2020001,2.7578125,15.2421875,-0.6484375
47395.023295962266,-170646.88006966654,78.9,1737337911.2020001,-1.5625,14.6171875,-0.6484375
47392.50051759722,-170644.40107471278,77.4,1737337911.2020001,1.7578125,13.3984375,-0.6484375
47389.868921910354,-170634.8843787529,79.1,1737337911.2020001,8.078125,5.8125,-0.6484375
47402.049144995195,-170638.628394496,90.4,1737337911.2020001,-4.5625,4.203125,-0.6484375
47396.09210673727,-170635.23024991408,71.8,1737337911.2020001,2.265625,3.5625,-0.6484375
47396.67201577389,-170652.3335346304,80.7,1737337911.2020001,-5.3125,18.90625,-0.3203125
47398.74581444884,-170633.5153719088,63.4,1737337911.2020001,0.5546875,0.90625,0.0
47397.759606350664,-170634.5011972457,48.6,1737337911.2020001,1.046875,2.2109375,-7.484375
47397.63837766414,-170636.8730240511,57.5,1737337911.2020001,0.1796875,4.421875,-10.085939999999999
47397.930732128036,-170636.56797208913,52.6,1737337911.2020001,0.0390625,4.0234375,-7.484375
47398.251064288874,-170635.63246660554,53.5,1737337911.2020001,0.1328125,3.0390625,-5.851562
47397.91701435003,-170636.12445068426,55.1,1737337911.2020001,0.234375,3.625,-1.625
47396.581627493535,-170639.64479560615,57.9,1737337911.2020001,0.0,7.3828125,8.460938
47390.91254257007,-170650.96267735682,58.5,1737337911.2020001,0.5,20.03125,-5.53125
47396.070800236266,-170640.71706473266,58.0,1737337911.2020001,0.0234375,8.5703125,-4.226562
47392.088018103605,-170651.700267026,77.9,1737337911.2020001,-0.875,20.21875,-0.6484375
47391.80670333903,-170650.93846202042,79.4,1737337911.2020001,-0.3046875,19.640625,-0.6484375
47393.196849929285,-170646.57683488302,87.0,1737337911.2020001,0.2265625,15.09375,-0.6484375
47394.551828861346,-170646.08368714515,80.5,1737337911.2020001,-0.8046875,14.0859375,-0.3203125
47389.46714210655,-170655.5222523096,75.6,1737337911.2020001,-0.0625,24.78125,0.0
47405.15553674131,-170642.12724161588,97.1,1737337911.276,-8.9921875,5.8984375,0.3203125
47403.764880238035,-170639.49197796133,81.9,1737337911.276,-6.609375,4.109375,0.3203125
47402.536849377444,-170639.27491578893,78.6,1737337911.276,-5.40625,4.4375,0.3203125
47402.455673605684,-170636.2817489541,67.1,1737337911.276,-4.0546875,1.765625,0.3203125
47398.87971323481,-170635.31011383288,54.3,1737337911.276,-0.40625,2.4140625,5.203125
47399.889526021485,-170635.76971710433,54.2,1737337911.276,-1.515625,2.3984375,6.507812
47397.63089492769,-170634.47844470458,51.9,1737337911.276,1.078125,2.1953125,6.507812
47401.29869889275,-170635.18241795106,54.2,1737337911.276,-2.5390625,1.265625,7.15625
47397.65208124953,-170634.7994848341,52.2,1737337911.276,0.921875,2.4765625,8.460938
47396.76099383469,-170634.1799530235,53.8,1737337911.276,1.9921875,2.296875,-8.78125
47396.7241036343,-170634.09341279714,54.3,1737337911.276,2.0625,2.234375,-6.507812
47401.24611838863,-170634.70831421445,52.9,1737337911.276,-2.2890625,0.859375,-6.179688
47400.55669990665,-170636.84509680796,54.3,1737337911.276,-2.578125,3.0859375,-5.53125
47389.7607066994,-170634.78793102474,77.7,1737337911.276,8.0625,5.8359375,-0.96875
47392.31036883202,-170644.37266909974,79.8,1737337911.276,1.6640625,13.4140625,-0.6484375
47395.63657599294,-170633.90814368232,67.4,1737337911.276,3.125,2.53125,-0.6484375
47396.368324812334,-170652.33693546095,81.9,1737337911.276,-5.40625,18.8828125,-0.3203125
47407.73807735613,-170646.79414721794,83.9,1737337911.276,-13.3203125,9.015625,-0.3203125
47398.9902413004,-170642.1014003538,77.1,1737337911.276,-3.40625,8.5078125,-0.3203125
47401.873981671866,-170638.70268147675,85.8,1737337911.276,-4.5625,4.203125,-0.3203125
47399.43823804502,-170633.41391189882,81.2,1737337911.276,-0.1015625,0.4609375,0.0
47401.09540730898,-170634.84449767927,51.7,1737337911.276,-2.2109375,1.046875,5.203125
47397.70446910342,-170635.10934027715,49.9,1737337911.276,0.7421875,2.734375,6.507812
47400.478241600606,-170635.21831096313,51.3,1737337911.276,-1.8125,1.6484375,6.507812
47399.763935717565,-170635.77952608946,50.8,1737337911.276,-1.40625,2.4609375,7.15625
47399.319272511086,-170635.58681409174,51.2,1737337911.276,-0.921875,2.4765625,8.460938
47397.181705741736,-170634.8624658489,53.4,1737337911.276,1.3203125,2.734375,-8.78125
47398.27963389378,-170635.0440067349,47.2,1737337911.276,0.25,2.4296875,-6.179688
47395.100169421574,-170647.37492183055,81.8,1737337911.276,-2.140625,14.9375,-0.6484375
47396.860053724435,-170635.94606582378,64.2,1737337911.276,1.1484375,3.8515625,-0.6484375
47398.230720531814,-170637.3795888698,59.6,1737337911.276,-0.703125,4.5625,3.578125
47397.848879626916,-170635.93784555257,54.3,1737337911.276,0.2578125,3.421875,4.875
47397.70305946499,-170636.75888758287,56.1,1737337911.276,0.0390625,4.2265625,6.828125
47397.31802755755,-170637.66567887625,59.5,1737337911.276,0.0,5.2109375,7.15625
47397.56510821087,-170636.68510039465,58.9,1737337911.276,0.1953125,4.21875,-9.109375
47397.037234131574,-170636.8332459344,56.5,1737337911.276,0.609375,4.578125,3.578125
47398.34474084873,-170637.01008176547,51.9,1737337911.276,-0.6484375,4.1796875,-9.109375
47394.171468717184,-170643.8346346719,58.1,1737337911.276,0.2109375,12.1328125,2.921875
47389.74068827203,-170652.88762111578,58.2,1737337911.276,0.3515625,22.2109375,-8.132812
47392.76205568381,-170646.43490747892,88.8,1737337911.276,0.375,15.0859375,-0.6484375
47394.206350966175,-170646.01107244342,81.3,1737337911.276,-0.75,14.0859375,-0.3203125
47395.86229385176,-170640.69334944696,55.8,1737337911.276,0.0234375,8.5703125,6.179688
47389.882746268086,-170653.6113371086,52.4,1737337911.276,-0.0859375,22.8046875,-9.109375
47408.17275183072,-170648.12647051507,79.4,1737337911.3520002,-14.1171875,10.296875,0.3203125
47404.82918162191,-170642.29628437007,99.7,1737337911.3520002,-8.6875,6.3359375,0.3203125
47404.08691565501,-170639.72339561098,77.4,1737337911.3520002,-6.9609375,4.2890625,0.3203125
47403.706519016414,-170639.50225784178,77.0,1737337911.3520002,-6.5234375,4.2421875,0.3203125
47402.66152132865,-170639.19833837938,76.4,1737337911.3520002,-5.4453125,4.390625,0.3203125
47401.81010768074,-170637.4066142198,68.9,1737337911.3520002,-3.9375,3.1015625,0.3203125
47401.30415334626,-170634.87932343953,54.2,1737337911.3520002,-2.4453125,1.0,6.507812
47397.19448803296,-170633.83192658413,52.5,1737337911.3520002,1.734375,1.71875,9.4375
47397.84497816103,-170634.78962936913,51.4,1737337911.3520002,0.75,2.328125,-8.78125
47390.257187543844,-170634.57663258092,74.1,1737337911.3520002,7.765625,5.2265625,-0.96875
47392.62314731599,-170651.3749523002,83.6,1737337911.3520002,-1.2421875,19.6015625,-0.6484375
47390.902802947414,-170645.87580040187,87.1,1737337911.3520002,2.5703125,15.28125,-0.6484375
47392.43323841689,-170644.72808434942,74.6,1737337911.3520002,1.640625,13.609375,-0.6484375
47390.12259588094,-170636.37310341222,75.5,1737337911.3520002,7.15625,6.921875,-0.6484375
47407.74263453872,-170646.77091856554,85.5,1737337911.3520002,-13.171875,9.234375,-0.3203125
47395.47541313037,-170647.11273930615,89.6,1737337911.3520002,-2.109375,14.546875,-0.3203125
47394.617787491465,-170646.21657329614,85.9,1737337911.3520002,-0.9609375,14.078125,-0.3203125
47401.89485818525,-170638.46255443347,90.8,1737337911.3520002,-4.4453125,4.03125,-0.3203125
47398.59826304304,-170635.4595526768,48.5,1737337911.3520002,-0.2109375,2.6328125,6.507812
47398.5034758819,-170635.21190798358,51.1,1737337911.3520002,-0.0234375,2.4453125,9.4375
47398.072514014035,-170646.6037252391,67.4,1737337911.3520002,-4.2734375,13.0234375,-0.6484375
47397.125322357686,-170637.83926406765,57.5,1737337911.3520002,0.1640625,5.40625,6.507812
47397.71781850406,-170637.87274791574,59.0,1737337911.3520002,-0.390625,5.1953125,8.132812
47397.867177358516,-170635.77486974688,56.1,1737337911.3520002,0.328125,3.21875,-5.203125
47397.633583333874,-170636.9881484287,56.4,1737337911.3520002,0.046875,4.421875,8.132812
47393.97057442124,-170644.21655815767,60.7,1737337911.3520002,0.4453125,12.515625,6.507812
47394.08517345453,-170646.43226400757,59.9,1737337911.3520002,-0.5625,14.4921875,-6.179688
47395.99367419535,-170640.58521276587,59.1,1737337911.3520002,0.078125,8.375,-4.875
47396.692882287236,-170639.3830014093,60.0,1737337911.3520002,-0.0703125,6.9921875,-3.25
47393.31204872133,-170646.74592641194,87.9,1737337911.3520002,0.015625,15.09375,-0.6484375
47392.080214750174,-170651.59459247664,76.0,1737337911.3520002,-0.8359375,20.0234375,-0.3203125
47389.513043078914,-170655.65895782012,75.4,1737337911.3520002,-0.1484375,24.78125,0.0
47390.96086577042,-170652.62636897582,54.0,1737337911.3520002,-0.234375,21.421875,9.109375
47390.941053898285,-170650.6583078192,56.2,1737337911.3520002,0.5859375,19.6328125,-8.460938
47391.849269492,-170648.24039818204,56.1,1737337911.3520002,0.7421875,17.0546875,-2.601562
47410.29067533382,-170649.61088519735,75.9,1737337911.426,-16.65625,10.7890625,0.3203125
47403.812123904056,-170639.43817666848,85.5,1737337911.426,-6.59375,4.140625,0.3203125
47402.719483036926,-170639.16432306022,74.4,1737337911.426,-5.484375,4.3359375,0.3203125
47396.43894062501,-170634.06787995505,50.8,1737337911.426,2.328125,2.2421875,5.851562
47397.07603635497,-170634.48060497368,53.4,1737337911.426,1.578125,2.359375,5.851562
47397.03266862867,-170632.85280567146,51.5,1737337911.426,2.28125,0.890625,5.851562
47400.78799343997,-170635.7098020207,53.5,1737337911.426,-2.3125,1.96875,8.132812
47399.50897891918,-170635.41264215708,51.6,1737337911.426,-1.0234375,2.21875,8.132812
47397.106102209094,-170634.52824815307,54.3,1737337911.426,1.53125,2.390625,-9.109375
47395.61903446592,-170637.30376350778,59.3,1737337911.426,1.7578125,5.53125,-7.484375
47397.29502026093,-170634.45002378526,55.2,1737337911.426,1.390625,2.2421875,-6.507812
47396.99295665285,-170633.86174283942,54.8,1737337911.426,1.90625,1.828125,-5.203125
47395.54188488252,-170634.98499716845,58.3,1737337911.426,2.7734375,3.4453125,-3.578125
47395.511083115205,-170647.12866196572,89.6,1737337911.426,-2.1484375,14.546875,-0.6484375
47394.574983509665,-170646.19746610467,80.4,1737337911.426,-0.9140625,14.078125,-0.6484375
47392.47999186372,-170644.75751006982,79.3,1737337911.426,1.5859375,13.6171875,-0.6484375
47401.06032577076,-170642.40201835148,91.4,1737337911.426,-5.2890625,7.96875,-0.3203125
47399.81047123485,-170641.73287611373,81.4,1737337911.426,-3.875,7.8671875,-0.3203125
47401.92581377192,-170638.4507060383,87.5,1737337911.426,-4.46875,4.0078125,-0.3203125
47398.628844231505,-170635.67853658277,52.8,1737337911.426,-0.328125,2.8203125,5.851562
47398.581949848536,-170635.24693783472,49.9,1737337911.426,-0.109375,2.4453125,5.851562
47398.2244850671,-170635.0702587129,51.3,1737337911.426,0.2890625,2.4296875,8.132812
47400.40416267067,-170635.64968644918,48.0,1737337911.426,-1.9375,2.0703125,-9.109375
47398.06563286939,-170635.1961262601,52.9,1737337911.426,0.3828125,2.609375,-5.203125
47396.549623507584,-170652.39190890332,76.3,1737337911.426,-5.2421875,18.9296875,-0.6484375
47398.26602166464,-170646.63021602642,69.7,1737337911.426,-4.4609375,12.96875,-0.6484375
47396.049413199034,-170635.07466325982,66.3,1737337911.426,2.2734375,3.3203125,-0.6484375
47398.54604640162,-170635.86402050385,53.1,1737337911.426,-0.328125,3.0234375,3.8984379999999996
47397.67896398732,-170637.86395925313,61.2,1737337911.426,-0.3515625,5.203125,4.226562
47398.17470416119,-170635.9292571452,52.6,1737337911.426,-0.015625,3.234375,-5.53125
47395.55015066289,-170642.1154470467,57.7,1737337911.426,-0.140625,9.953125,4.554688
47395.81357707959,-170641.582816873,59.9,1737337911.426,-0.1640625,9.359375,4.554688
47395.38007406705,-170641.8256385054,57.6,1737337911.426,0.1328125,9.7578125,4.875
47391.25510683763,-170651.6797173793,58.4,1737337911.426,-0.1171875,20.4375,-6.828125
47393.51893463334,-170646.8382778376,90.4,1737337911.426,-0.2109375,15.09375,-0.6484375
47389.505909081956,-170655.65577328822,75.3,1737337911.426,-0.140625,24.78125,0.0
47393.106225751435,-170647.9544906956,57.1,1737337911.426,-0.2890625,16.28125,-8.460938
47403.99049246387,-170639.2823527758,83.0,1737337911.5010002,-6.4375,4.375,0.3203125
47403.20478172753,-170639.08853361945,74.8,1737337911.5010002,-5.6328125,4.4609375,0.3203125
47392.67313683407,-170646.0283942312,67.5,1737337911.5010002,1.8984375,14.578125,2.273438
47399.47114384197,-170635.61366403234,52.6,1737337911.5010002,-0.9375,2.46875,2.273438
47396.66845239048,-170635.6184772257,54.9,1737337911.5010002,1.6953125,3.4296875,5.851562
47393.640275968515,-170633.31397329256,65.8,1737337911.5010002,5.328125,2.296875,-5.851562
47399.770823794315,-170635.5894774126,52.7,1737337911.5010002,-1.2109375,2.34375,-5.53125
47403.121759278845,-170636.0662867047,59.5,1737337911.5010002,-4.5234375,1.6484375,-3.8984379999999996
47397.133776476025,-170652.285550965,81.0,1737337911.5010002,-4.4296875,18.9375,-0.6484375
47396.6893511562,-170647.41995047109,87.2,1737337911.5010002,-2.3515625,14.515625,-0.6484375
47393.477730666564,-170645.32312537794,85.7,1737337911.5010002,1.3828125,13.640625,-0.6484375
47395.676356194905,-170646.57013092606,85.1,1737337911.5010002,-1.109375,14.0625,-0.3203125
47401.868826288905,-170642.21898993722,88.1,1737337911.5010002,-5.4453125,7.859375,-0.3203125
47399.963721312444,-170641.9263076534,79.2,1737337911.5010002,-3.5546875,8.234375,-0.3203125
47402.31793588776,-170638.23464284395,89.1,1737337911.5010002,-4.5078125,3.9609375,-0.3203125
47398.37248010505,-170633.05383911292,71.8,1737337911.5010002,0.96875,0.4375,-0.3203125
47397.26456846307,-170634.48013206274,50.5,1737337911.5010002,1.5234375,2.15625,2.273438
47400.235305481125,-170636.71391473932,51.8,1737337911.5010002,-2.03125,3.2421875,5.851562
47397.17438627934,-170634.33934401177,51.1,1737337911.5010002,1.65625,2.0546875,-5.53125
47392.04510538003,-170646.13284979778,83.1,1737337911.5010002,2.453125,14.890625,-0.6484375
47398.6544895803,-170633.69646134382,69.7,1737337911.5010002,0.484375,0.9453125,-0.3203125
47397.77942612392,-170638.7396354205,59.3,1737337911.5010002,-0.4140625,5.984375,4.875
47398.16241537512,-170635.9447493618,53.6,1737337911.5010002,0.1796875,3.2265625,-1.625
47397.878462187626,-170636.68111500252,64.9,1737337911.5010002,0.1953125,4.015625,-0.6484375
47394.62080152207,-170646.020693948,56.9,1737337911.5010002,0.0703125,13.90625,4.226562
47393.31229620938,-170651.8457001409,57.4,1737337911.5010002,-0.6875,19.828125,6.179688
47395.053512285194,-170646.38557054446,57.8,1737337911.5010002,-0.4609375,14.1015625,7.484375
47396.52980272742,-170641.03704744525,57.0,1737337911.5010002,-0.0234375,8.5703125,7.8046880000000005
47394.85978943402,-170647.35416719152,59.0,1737337911.5010002,-0.609375,15.078125,8.132812
47391.56608313426,-170651.6190134211,57.2,1737337911.5010002,1.03125,20.2109375,-7.15625
47396.29837064093,-170641.37691002357,59.8,1737337911.5010002,0.078125,8.96875,-6.828125
47396.891531796966,-170639.6972506694,54.2,1737337911.5010002,0.09375,7.1875,-2.921875
47392.96336746661,-170652.14290670256,59.7,1737337911.5010002,-0.4609375,20.2265625,-1.945312
47394.36978372474,-170647.19289820464,88.2,1737337911.5010002,-0.09375,15.09375,-0.6484375
47391.6136004969,-170654.39565117165,53.9,1737337911.5010002,0.0390625,22.8046875,-3.8984379999999996
47396.34376048537,-170642.648410781,69.2,1737337911.5010002,-0.3984375,10.1484375,-0.6484375
47401.37427856184,-170642.5753607467,82.7,1737337911.58,-5.6640625,7.9453125,0.0
47402.392629860486,-170638.65699557326,70.9,1737337911.58,-5.0390625,3.9453125,0.0
47405.003466497146,-170642.39529102136,90.8,1737337911.58,-8.921875,6.3359375,0.3203125
47403.873919550184,-170639.83600804393,77.4,1737337911.58,-6.8671875,4.4375,0.3203125
47403.649664895194,-170639.5088101183,83.5,1737337911.58,-6.53125,4.2265625,0.3203125
47400.55136113981,-170635.81454643633,52.9,1737337911.58,-2.21875,2.0703125,5.851562
47384.72586754117,-170634.60462552594,60.3,1737337911.58,12.78125,7.2578125,7.8046880000000005
47399.14370952946,-170635.8596845767,53.9,1737337911.58,-0.9453125,2.671875,-8.460938
47399.502322076376,-170636.66243441013,51.8,1737337911.58,-1.59375,3.265625,-3.578125
47397.600321081816,-170635.27538858433,49.9,1737337911.58,0.703125,2.75,-3.578125
47391.34061380836,-170646.0747517838,89.3,1737337911.58,2.1484375,15.1484375,-0.6484375
47395.59273312851,-170647.24638669175,83.5,1737337911.58,-2.21875,14.53125,-0.6484375
47392.76063491495,-170644.84276932472,85.1,1737337911.58,1.3359375,13.453125,-0.6484375
47395.98637848995,-170634.87338389878,69.0,1737337911.58,2.34375,3.0234375,-0.6484375
47393.20247585228,-170651.48086838285,83.0,1737337911.58,-1.7109375,19.3671875,-0.3203125
47395.00130722203,-170646.666252458,82.8,1737337911.58,-1.4453125,14.234375,-0.3203125
47399.27158076294,-170641.80807151354,81.3,1737337911.58,-3.4296875,8.078125,-0.3203125
47401.92269705243,-170638.44464366793,85.6,1737337911.58,-4.5234375,3.9375,-0.3203125
47396.94896815374,-170634.55855546938,53.6,1737337911.58,1.5859375,2.3515625,-8.460938
47395.71292725437,-170633.12825820714,50.6,1737337911.58,3.2890625,1.53125,-3.578125
47396.984519611084,-170636.04720663247,66.1,1737337911.58,0.9609375,3.703125,-0.6484375
47398.14580359568,-170636.03997339998,53.8,1737337911.58,-0.1015625,3.234375,9.109375
47397.386812957215,-170637.6523553324,57.5,1737337911.58,-0.046875,5.015625,-5.851562
47394.08992908366,-170646.7648522559,56.5,1737337911.58,-0.6484375,14.6875,1.296875
47390.19675198294,-170652.18684281592,59.4,1737337911.58,0.765625,21.2109375,1.625
47390.90382916204,-170651.42055301045,58.3,1737337911.58,0.421875,20.2265625,7.15625
47396.03654074253,-170640.29414867688,57.3,1737337911.58,0.140625,7.9765625,7.15625
47390.850173329054,-170653.13449926814,57.0,1737337911.58,-0.2109375,21.8203125,8.132812
47396.587056201824,-170639.67284388602,57.8,1737337911.58,-0.1171875,7.1875,-10.414060000000001
47396.31113573611,-170640.8390450364,56.3,1737337911.58,-0.328125,8.3671875,-8.132812
47392.75275322175,-170646.17632857038,58.6,1737337911.58,0.8125,14.6796875,-5.203125
47390.64480700756,-170654.1184091117,53.7,1737337911.58,-0.4140625,22.8046875,-3.578125
47393.310762023415,-170646.65681010528,84.4,1737337911.58,0.109375,14.8984375,-0.6484375
47389.55007220012,-170655.7980546165,75.4,1737337911.58,-0.078125,24.78125,0.0
47392.599043877824,-170651.06584211224,55.7,1737337911.58,-0.9921875,19.2265625,-7.8046880000000005
47398.53725001738,-170641.44519481985,78.6,1737337911.651,-3.75,7.484375,0.0
47399.635319356756,-170634.07884458403,66.1,1737337911.651,-0.8671875,0.6171875,0.0
47407.23734990077,-170651.24824985358,73.6,1737337911.651,-16.2734375,11.3515625,0.3203125
47405.290059743034,-170646.2649717115,81.5,1737337911.651,-12.0234375,8.1015625,0.3203125
47404.57106748838,-170642.42002069982,93.8,1737337911.651,-9.4140625,5.1875,0.3203125
47398.415249494006,-170636.6465824356,56.2,1737337911.651,-1.15625,3.4453125,3.25
47396.870756708704,-170634.7041011764,53.4,1737337911.651,1.171875,2.5859375,3.25
47396.073735752005,-170633.86404166813,54.1,1737337911.651,2.2890625,2.28125,6.507812
47399.62681672387,-170635.5084214138,51.7,1737337911.651,-1.6015625,1.84375,7.8046880000000005
47397.40512955457,-170635.28425375052,53.7,1737337911.651,0.4140625,2.8046875,9.757812
47400.369262686014,-170635.4746255951,52.4,1737337911.651,-2.21875,1.4296875,-6.828125
47398.90086868125,-170635.72585927753,55.3,1737337911.651,-1.09375,2.40625,-6.179688
47397.60521189441,-170635.19548633005,50.4,1737337911.651,0.2890625,2.625,-4.875
47398.05881035135,-170636.11957551553,53.9,1737337911.651,-0.578125,3.1796875,-3.8984379999999996
47390.11652891802,-170634.17853487234,75.1,1737337911.651,7.21875,5.640625,-0.96875
47390.47813849279,-170650.2531814604,82.9,1737337911.651,-1.4296875,19.1953125,-0.6484375
47386.27222981824,-170646.2661535207,83.9,1737337911.651,4.234375,17.96875,-0.6484375
47391.18221023625,-170643.9728149358,87.7,1737337911.651,1.2265625,13.4609375,-0.6484375
47396.492800545384,-170636.06483441233,70.5,1737337911.651,0.7890625,3.9453125,-0.6484375
47392.61544572681,-170646.46005750124,88.6,1737337911.651,-1.2890625,14.84375,-0.3203125
47392.920562908075,-170645.73136828197,83.8,1737337911.651,-1.171875,14.0625,-0.3203125
47398.50676711158,-170641.6460195147,79.5,1737337911.651,-3.828125,7.671875,-0.3203125
47401.15395849554,-170638.77458705712,87.0,1737337911.651,-4.6015625,3.84375,-0.3203125
47398.243303235344,-170633.52655124338,66.0,1737337911.651,0.609375,0.8671875,0.0
47399.65165116767,-170636.70235176195,53.5,1737337911.651,-2.2421875,2.8515625,3.25
47398.25215612629,-170635.77084353627,53.3,1737337911.651,-0.5625,2.78125,3.25
47397.022087645026,-170634.18365794726,51.0,1737337911.651,1.3125,2.0625,3.8984379999999996
47399.92320302878,-170636.25486276418,51.6,1737337911.651,-2.2421875,2.328125,6.507812
47397.51045026409,-170634.8546897577,50.4,1737337911.651,0.546875,2.3828125,7.8046880000000005
47397.366425373766,-170634.9866132341,47.2,1737337911.651,0.6015625,2.5703125,-6.828125
47396.73489321362,-170634.0093783946,53.7,1737337911.651,1.6484375,2.0625,-6.179688
47399.274603467995,-170635.74247019118,49.4,1737337911.651,-1.421875,2.2265625,-4.875
47399.34533288934,-170636.33369821118,51.2,1737337911.651,-1.7890625,2.6953125,-3.8984379999999996
47395.533486200664,-170634.72419787696,65.4,1737337911.651,2.3046875,3.296875,-0.6484375
47396.638363260216,-170634.28892328727,69.4,1737337911.651,1.5859375,2.3515625,-0.6484375
47396.38907979521,-170637.24472214954,57.8,1737337911.651,0.265625,5.0078125,2.601562
47396.66240448963,-170638.31529153392,60.0,1737337911.651,-0.5234375,5.78125,10.085939999999999
47396.80511303358,-170636.5742021956,72.8,1737337911.651,0.2578125,4.21875,-0.6484375
47397.14020126418,-170636.5490841388,55.1,1737337911.651,-0.015625,4.0234375,4.554688
47397.624225002284,-170637.01643708342,68.8,1737337911.651,-0.671875,4.171875,-0.6484375
47393.22230729667,-170642.7342969361,60.0,1737337911.651,0.125,11.34375,7.8046880000000005
47387.94202701943,-170649.67371812687,58.1,1737337911.651,1.0390625,20.015625,9.4375
47392.40571277143,-170644.99857068024,56.9,1737337911.651,-0.3515625,13.703125,-9.4375
47392.285835339404,-170645.3918858008,59.1,1737337911.651,-0.453125,14.1015625,-2.921875
47392.161217909015,-170644.8593411578,54.9,1737337911.651,-0.0703125,13.7109375,10.085939999999999
47404.149210658965,-170642.64836113545,96.6,1737337911.726,-9.171875,5.6015625,0.0
47403.1806468161,-170640.47965125644,73.2,1737337911.726,-7.21875,4.25,0.3203125
47402.579542192216,-170640.11488009972,78.1,1737337911.726,-6.515625,4.25,0.3203125
47398.0123413825,-170635.23236230802,51.7,1737337911.726,-0.078125,2.4453125,2.273438
47399.20399155106,-170636.73226518664,54.2,1737337911.726,-1.875,3.109375,5.203125
47396.38244945918,-170633.21978098835,52.6,1737337911.726,2.359375,1.5703125,5.203125
47396.72005287812,-170634.83197163994,52.7,1737337911.726,1.234375,2.7734375,9.757812
47398.039057143564,-170635.24857435946,53.4,1737337911.726,-0.109375,2.4453125,-8.78125
47398.800115096165,-170636.31354839625,54.6,1737337911.726,-1.3125,2.9609375,-4.554688
47403.35961776289,-170645.13920473706,60.8,1737337911.726,-9.7890625,8.140625,-3.578125
47389.47632576126,-170636.00154207204,74.6,1737337911.726,6.8203125,7.53125,-0.96875
47390.329774721504,-170650.181426071,87.0,1737337911.726,-1.265625,19.2109375,-0.6484375
47386.213546441286,-170646.21226551165,87.2,1737337911.726,4.3125,17.953125,-0.6484375
47393.76599177554,-170646.5368342469,85.1,1737337911.726,-2.3125,14.3125,-0.6484375
47391.228962818095,-170644.00118602574,88.0,1737337911.726,1.171875,13.4609375,-0.6484375
47398.54404646204,-170643.03027084807,72.2,1737337911.726,-4.578125,8.8359375,-0.6484375
47398.00914822907,-170636.93931458995,65.4,1737337911.726,-0.9609375,3.90625,-0.6484375
47393.17430501352,-170645.62947122438,86.8,1737337911.726,-1.3359375,13.84375,-0.3203125
47400.17673042138,-170642.61371898794,83.6,1737337911.726,-5.7578125,7.6328125,-0.3203125
47398.88250071999,-170642.06593514708,75.4,1737337911.726,-4.3671875,7.8359375,-0.3203125
47398.4916962775,-170641.44496657635,76.8,1737337911.726,-3.7109375,7.5078125,-0.3203125
47399.530346650216,-170637.11307777595,58.4,1737337911.726,-2.3515625,3.265625,0.6484375
47397.24397738387,-170634.55590802393,50.2,1737337911.726,0.9296875,2.265625,2.273438
47395.6623250076,-170633.87939837037,53.8,1737337911.726,2.6328125,2.5078125,5.203125
47398.69102498679,-170635.89094921178,49.6,1737337911.726,-1.0,2.65625,5.203125
47396.27336160492,-170633.86638172748,50.2,1737337911.726,2.1171875,2.1796875,9.757812
47396.815437103985,-170632.6417955996,51.0,1737337911.726,2.2890625,0.8515625,-8.78125
47396.5068409012,-170634.86707929484,53.7,1737337911.726,1.3984375,2.9140625,-4.554688
47393.68865231412,-170651.54346437778,82.6,1737337911.726,-4.84375,18.6328125,-0.6484375
47396.43411716843,-170636.0109464033,64.9,1737337911.726,0.8671875,3.9296875,-0.6484375
47395.17734420163,-170639.75354838072,59.8,1737337911.726,0.0,7.78125,1.296875
47395.928122177844,-170638.59164101802,58.5,1737337911.726,-0.0390625,6.3984375,3.578125
47387.08952711472,-170652.41881794544,55.6,1737337911.726,0.34375,22.8046875,4.226562
47393.91183359316,-170641.7636811571,58.1,1737337911.726,0.0390625,10.15625,6.507812
47395.022930850944,-170640.3543671365,58.6,1737337911.726,-0.1796875,8.375,-6.179688
47392.18513937895,-170646.23548646545,85.5,1737337911.726,-0.8046875,14.875,-0.6484375
47387.43683200851,-170652.62957461382,54.8,1737337911.726,-0.0625,22.8046875,-1.945312
47408.48785223954,-170650.6169617449,72.5,1737337911.801,-17.0,10.234375,0.3203125
47404.28247320996,-170642.55672377427,99.4,1737337911.801,-9.2578125,5.46875,0.3203125
47402.65422636824,-170640.05628509872,84.8,1737337911.801,-6.578125,4.15625,0.3203125
47390.365611923546,-170644.91309349955,61.8,1737337911.801,1.484375,14.625,3.578125
47391.96578485936,-170642.15607904468,60.4,1737337911.801,1.5234375,11.4375,3.8984379999999996
47400.727228451135,-170635.22119361136,51.8,1737337911.801,-2.4453125,0.9921875,-8.78125
47386.9937750971,-170641.0352620479,58.7,1737337911.801,6.3671875,13.0234375,-8.132812
47390.40060202769,-170650.26565921842,83.9,1737337911.801,-1.2890625,19.203125,-0.6484375
47386.536197184134,-170646.6033254431,85.8,1737337911.801,3.90625,18.0390625,-0.6484375
47393.9389094734,-170646.6547664031,90.5,1737337911.801,-2.4765625,14.2890625,-0.6484375
47391.309770470754,-170644.1391935816,89.1,1737337911.801,1.0703125,13.4765625,-0.6484375
47394.93745383086,-170652.10026196015,84.7,1737337911.801,-6.125,18.453125,-0.3203125
47405.89350377137,-170647.49436375085,86.3,1737337911.801,-13.171875,8.8828125,-0.3203125
47397.84237970959,-170642.18822491454,79.7,1737337911.801,-3.5390625,8.453125,-0.3203125
47398.50842851115,-170641.66684875905,82.2,1737337911.801,-3.84375,7.6640625,-0.3203125
47401.1903580379,-170638.54561030265,85.7,1737337911.801,-4.546875,3.609375,-0.3203125
47399.41343933461,-170633.7182153983,77.2,1737337911.801,-0.546875,0.375,0.0
47399.301993128865,-170637.13639178945,56.2,1737337911.801,-2.203125,3.3671875,0.6484375
47396.46659385542,-170647.57214614493,60.2,1737337911.801,-5.1171875,13.78125,3.578125
47395.71381047955,-170644.1385237863,55.8,1737337911.801,-2.7109375,11.21875,3.8984379999999996
47397.920809018244,-170635.4567089745,48.6,1737337911.801,-0.15625,2.6328125,-8.78125
47393.84841808112,-170651.62308544686,83.3,1737337911.801,-4.9453125,18.6015625,-0.6484375
47390.27636781713,-170650.42806286048,78.0,1737337911.801,-1.265625,19.40625,-0.3203125
47397.284297600745,-170636.00481445855,51.6,1737337911.801,0.109375,3.4296875,3.25
47397.71040608816,-170636.02259991816,54.8,1737337911.801,-0.265625,3.2265625,8.78125
47397.227926947635,-170635.96206832092,55.1,1737337911.801,0.1796875,3.421875,-8.78125
47396.65901840522,-170636.77798679308,75.6,1737337911.801,0.25,4.4140625,-0.6484375
47392.634897412005,-170644.7390963372,61.2,1737337911.801,-0.375,13.3125,1.625
47390.049015938115,-170648.26340633325,56.7,1737337911.801,0.0390625,17.6640625,5.203125
47388.38035580191,-170650.95224540922,59.9,1737337911.801,0.09375,20.828125,5.53125
47386.9017146239,-170652.36244720142,55.4,1737337911.801,0.640625,22.796875,-4.875
47391.93338163167,-170646.1582436606,84.6,1737337911.801,-0.5,14.890625,-0.6484375
47386.61585383155,-170654.50281783275,75.3,1737337911.801,-0.2109375,24.78125,0.0
47405.86639758442,-170645.0311394032,77.4,1737337911.8760002,-11.3828125,7.640625,0.0
47404.697333949276,-170642.28237340125,100.3,1737337911.8760002,-9.109375,5.703125,0.0
47400.91365279955,-170642.49841042663,83.2,1737337911.8760002,-5.8203125,7.5859375,0.0
47409.168581524274,-170650.20649464993,74.8,1737337911.8760002,-16.6484375,10.796875,0.3203125
47394.33486744757,-170647.23066199163,77.4,1737337911.8760002,-2.046875,14.7578125,0.6484375
47387.49757837985,-170647.47699978005,84.0,1737337911.8760002,3.9609375,18.03125,-0.6484375
47390.563715199314,-170645.5669941752,82.8,1737337911.8760002,2.0703125,14.953125,-0.6484375
47395.16962189981,-170646.87015230936,82.7,1737337911.8760002,-2.6328125,14.0625,-0.6484375
47392.33434962914,-170644.59084541028,85.8,1737337911.8760002,0.921875,13.2890625,-0.6484375
47396.759520830215,-170642.58196595707,72.1,1737337911.8760002,-2.140625,9.515625,-0.6484375
47395.90511242816,-170635.56346425336,71.4,1737337911.8760002,1.7578125,3.6171875,-0.6484375
47393.49265890314,-170651.52526067302,84.9,1737337911.8760002,-3.2109375,18.9765625,-0.3203125
47406.730928503704,-170647.04293587874,89.4,1737337911.8760002,-13.0546875,9.0546875,-0.3203125
47394.83778631861,-170646.97522339105,84.6,1737337911.8760002,-2.3828125,14.3046875,-0.3203125
47393.953117698366,-170646.036056588,71.8,1737337911.8760002,-1.171875,13.859375,-0.3203125
47398.20206358288,-170642.03581411688,77.9,1737337911.8760002,-3.1875,8.3828125,-0.3203125
47399.183562641396,-170641.6786853645,82.2,1737337911.8760002,-3.90625,7.625,-0.3203125
47401.58477805414,-170638.35417926413,85.7,1737337911.8760002,-4.5703125,3.578125,-0.3203125
47395.07177615664,-170633.22671504773,65.2,1737337911.8760002,3.546875,1.8984375,-0.6484375
47395.86813046628,-170632.9081612033,68.1,1737337911.8760002,2.9765625,1.2578125,-0.6484375
47397.88854443168,-170652.32197112785,78.8,1737337911.8760002,-7.5,17.7265625,-0.3203125
47390.45071267448,-170644.00882080314,68.6,1737337911.8760002,2.8671875,13.609375,-0.3203125
47395.86832550403,-170637.70173319936,60.1,1737337911.8760002,0.8359375,5.546875,-8.460938
47396.483010099095,-170637.39729458792,61.1,1737337911.8760002,0.421875,5.0,-8.132812
47397.19465956731,-170635.97125318006,70.3,1737337911.8760002,0.421875,3.40625,-0.6484375
47397.684175710194,-170636.46001648766,51.1,1737337911.8760002,-0.234375,3.625,4.554688
47397.96328082,-170635.93572311482,53.0,1737337911.8760002,-0.25,3.03125,8.132812
47390.90525676403,-170648.99420530346,59.7,1737337911.8760002,0.234375,17.8671875,3.25
47393.31567392231,-170644.0066160712,61.1,1737337911.8760002,0.3046875,12.328125,-8.78125
47391.54069746047,-170648.4207237109,60.5,1737337911.8760002,-0.078125,17.0703125,-5.851562
47395.03539936608,-170640.43806440427,60.3,1737337911.8760002,0.359375,8.3671875,-3.578125
47393.32818276576,-170646.64097481105,82.1,1737337911.8760002,-0.8828125,14.6796875,-0.6484375
47388.15349307881,-170655.3481554035,76.1,1737337911.8760002,-0.140625,24.78125,0.0
47394.69406628262,-170641.82189454802,70.7,1737337911.8760002,0.046875,9.7578125,-0.6484375
47400.91314912003,-170642.5116575037,85.2,1737337911.951,-5.84375,7.5703125,0.0
47404.76545693602,-170642.22632193725,98.0,1737337911.951,-9.171875,5.609375,0.3203125
47403.61919477289,-170640.1358717515,82.5,1737337911.951,-7.21875,4.2421875,0.3203125
47396.593191373184,-170633.3833297058,53.8,1737337911.951,2.0703125,1.296875,-5.851562
47389.37581862414,-170636.30289293494,77.7,1737337911.951,7.25,7.109375,-0.96875
47391.745519855656,-170650.7414939806,87.1,1737337911.951,-1.265625,19.0078125,-0.6484375
47393.33539064746,-170646.69087778925,86.2,1737337911.951,-0.8984375,14.671875,-0.6484375
47394.12333972712,-170646.3653890975,89.0,1737337911.951,-1.4609375,14.03125,-0.6484375
47392.39574810358,-170644.69370104288,77.7,1737337911.951,0.828125,13.296875,-0.6484375
47389.50021313751,-170636.03322312605,76.6,1737337911.951,7.2578125,6.8125,-0.6484375
47390.207463412364,-170635.64176504206,77.5,1737337911.951,6.796875,6.1484375,-0.6484375
47394.927308597646,-170652.55594597122,81.5,1737337911.951,-4.921875,19.2265625,-0.3203125
47406.589908199276,-170647.1084084483,81.7,1737337911.951,-12.96875,9.1796875,-0.3203125
47406.228716982165,-170646.8517160208,78.9,1737337911.951,-12.53125,9.109375,-0.3203125
47399.053752111555,-170641.70713464968,81.0,1737337911.951,-3.8203125,7.671875,-0.3203125
47401.58699523973,-170638.33996874842,87.2,1737337911.951,-4.6015625,3.53125,-0.3203125
47398.245966214236,-170635.45370715114,46.8,1737337911.951,-0.328125,2.421875,-5.851562
47395.01752943493,-170651.75537863985,82.6,1737337911.951,-4.6484375,18.46875,-0.6484375
47397.541904489255,-170635.78575250745,55.4,1737337911.951,0.15625,3.03125,2.273438
47397.69427259566,-170637.5598718079,59.2,1737337911.951,-0.765625,4.5546875,7.8046880000000005
47397.25449628277,-170635.60904062545,50.2,1737337911.951,0.4921875,3.0,-4.226562
47391.47158665609,-170649.1077555599,57.9,1737337911.951,-0.296875,17.6640625,1.296875
47388.51320174882,-170653.37154548688,59.7,1737337911.951,0.46875,22.796875,6.507812
47392.24584009504,-170648.15692873482,59.2,1737337911.951,-0.5703125,16.46875,-7.8046880000000005
47394.06469652039,-170643.11286739892,60.6,1737337911.951,0.03125,11.140625,-3.578125
47401.049264060945,-170642.4830067203,87.1,1737337912.0279999,-5.953125,7.484375,0.0
47406.458513205616,-170644.65636429866,79.2,1737337912.0279999,-11.765625,7.0390625,0.3203125
47404.228366974974,-170639.69600310802,79.4,1737337912.0279999,-7.5703125,3.578125,0.3203125
47402.936465290324,-170639.85986846,75.3,1737337912.0279999,-6.484375,4.296875,0.3203125
47399.73900824261,-170635.6766311975,51.9,1737337912.0279999,-1.765625,1.9609375,2.601562
47399.89250245147,-170635.63042158133,54.5,1737337912.0279999,-1.8828125,1.8515625,7.15625
47385.73383728643,-170647.599927761,59.8,1737337912.0279999,5.515625,18.8515625,8.132812
47399.33124573148,-170636.55569639045,57.5,1737337912.0279999,-1.7890625,2.9296875,8.460938
47396.298326129814,-170634.47494270562,53.0,1737337912.0279999,1.8515625,2.40625,8.460938
47396.19104408533,-170633.31551849993,53.0,1737337912.0279999,2.4609375,1.4140625,10.085939999999999
47397.218796305584,-170634.78116924688,53.6,1737337912.0279999,0.890625,2.2734375,10.085939999999999
47390.974195811985,-170646.14398880402,59.8,1737337912.0279999,1.4609375,15.2265625,-9.4375
47397.60491106177,-170635.12857504087,51.3,1737337912.0279999,0.390625,2.4140625,-8.132812
47399.15118896656,-170648.42890201026,61.7,1737337912.0279999,-6.8828125,13.65625,-3.8984379999999996
47389.51417812546,-170636.71096841045,77.3,1737337912.0279999,6.9453125,7.4140625,-0.96875
47392.114255343884,-170651.10645860733,91.6,1737337912.0279999,-1.7578125,19.171875,-0.6484375
47392.357172540935,-170644.66594808365,83.1,1737337912.0279999,0.875,13.2890625,-0.6484375
47397.385973414326,-170642.15593791762,79.2,1737337912.0279999,-2.5234375,8.8125,-0.6484375
47395.61524006575,-170632.769935182,70.8,1737337912.0279999,3.21875,1.1796875,-0.6484375
47406.717624662044,-170647.48509350262,84.2,1737337912.0279999,-13.25,9.4609375,-0.3203125
47394.57726568915,-170646.3106476036,82.4,1737337912.0279999,-1.84375,13.78125,-0.3203125
47397.79404888983,-170642.01757841633,79.2,1737337912.0279999,-2.828125,8.5078125,-0.3203125
47401.62884913466,-170638.32577803032,84.7,1737337912.0279999,-4.6328125,3.5,-0.3203125
47396.763164477656,-170634.503998784,51.1,1737337912.0279999,1.421875,2.2265625,2.601562
47396.805467284656,-170634.5771533177,50.5,1737337912.0279999,1.3515625,2.2734375,7.15625
47398.30000248792,-170652.76571561955,53.0,1737337912.0279999,-8.0390625,17.921875,8.132812
47397.047517533836,-170635.4458909846,51.1,1737337912.0279999,0.75,2.9453125,8.460938
47397.12686960242,-170635.24982462148,52.1,1737337912.0279999,0.765625,2.734375,10.085939999999999
47396.95282825938,-170648.29345661518,58.4,1737337912.0279999,-4.8515625,14.5078125,-9.4375
47396.910594551184,-170635.31732031482,50.8,1737337912.0279999,0.9296875,2.890625,-9.4375
47398.64128749033,-170635.5529985606,49.3,1737337912.0279999,-0.7265625,2.3359375,-8.132812
47394.76008277547,-170647.21113482138,80.5,1737337912.0279999,-2.40625,14.5078125,-0.6484375
47396.102390618085,-170636.46048625864,68.8,1737337912.0279999,1.1484375,4.2734375,-0.6484375
47396.417687731555,-170635.9452621382,66.1,1737337912.0279999,1.09375,3.671875,-0.6484375
47396.38306514337,-170635.32701936393,67.6,1737337912.0279999,1.3984375,3.1328125,-0.6484375
47397.52784717071,-170636.44966620347,54.6,1737337912.0279999,-0.125,3.6328125,1.625
47397.71358600781,-170635.8792055117,53.0,1737337912.0279999,-0.0390625,3.0390625,-9.4375
47397.59673576557,-170636.25714751985,53.5,1737337912.0279999,-0.1015625,3.4296875,-1.625
47396.27810979719,-170638.69917455968,55.9,1737337912.0279999,0.0,6.203125,5.851562
47390.54756370445,-170651.50932160634,59.0,1737337912.0279999,-0.53125,20.2265625,8.132812
47391.309109109265,-170650.12531620188,57.9,1737337912.0279999,-0.6015625,18.6484375,9.757812
47391.10145826631,-170649.151584668,58.3,1737337912.0279999,0.015625,17.8671875,-9.109375
47388.8320003765,-170653.53761433033,54.6,1737337912.0279999,0.109375,22.8046875,-8.132812
47388.572794041334,-170653.40967213747,56.0,1737337912.0279999,0.3984375,22.8046875,-7.8046880000000005
47393.700088475125,-170644.91060711927,60.3,1737337912.0279999,-0.4375,12.9140625,-4.875
47394.680156039765,-170642.53670424962,58.2,1737337912.0279999,-0.265625,10.3515625,-2.273438
47393.03078273785,-170646.56666284072,82.3,1737337912.0279999,-0.5703125,14.6953125,-0.6484375
47388.13229182461,-170655.39647264432,75.0,1737337912.0279999,-0.0859375,24.78125,0.0
47389.28736285719,-170653.76237764215,56.4,1737337912.0279999,-0.3984375,22.8046875,-7.15625
47393.90446353398,-170644.56715429976,57.4,1737337912.0279999,-0.46875,12.515625,-5.851562
47404.4101651553,-170642.42466009434,100.4,1737337912.1079998,-9.3046875,5.3828125,0.0
47400.52957322743,-170642.60391348408,88.1,1737337912.1079998,-6.0078125,7.4375,0.0
47401.31733715381,-170638.4684911314,86.9,1737337912.1079998,-4.671875,3.4453125,0.0
47403.08419648631,-170640.4448152508,80.2,1737337912.1079998,-7.1796875,4.3046875,0.3203125
47399.47067169578,-170635.9637017685,56.5,1737337912.1079998,-1.8359375,2.1640625,2.921875
47399.54197884275,-170636.1559737463,57.4,1737337912.1079998,-1.9921875,2.296875,3.25
47398.92246964659,-170636.60571581256,55.4,1737337912.1079998,-1.671875,2.9921875,5.53125
47396.13516135072,-170633.65395242555,51.6,1737337912.1079998,2.203125,1.78125,5.53125
47398.809574342966,-170635.81683974422,50.6,1737337912.1079998,-1.1875,2.359375,9.757812
47384.708966426224,-170634.73362939563,60.8,1737337912.1079998,11.640625,8.3125,10.085939999999999
47398.299891335446,-170635.94301039304,53.6,1737337912.1079998,-0.8046875,2.71875,10.085939999999999
47398.52726433367,-170636.3840515929,54.9,1737337912.1079998,-1.21875,2.9921875,-7.8046880000000005
47399.46385781108,-170635.9598799716,51.0,1737337912.1079998,-1.828125,2.1640625,-7.8046880000000005
47391.26429352661,-170650.83441407135,86.7,1737337912.1079998,-1.953125,19.1484375,-0.6484375
47385.93271522059,-170645.99878021446,83.1,1737337912.1079998,5.0625,17.5390625,-0.6484375
47393.981315718636,-170646.80471719542,86.2,1737337912.1079998,-2.3515625,14.3046875,-0.6484375
47391.677642700466,-170644.34815366176,86.1,1737337912.1079998,0.859375,13.2890625,-0.6484375
47389.33033697176,-170635.82082614914,74.7,1737337912.1079998,7.078125,7.0,-0.6484375
47397.08946818744,-170641.75826829235,78.3,1737337912.1079998,-2.59375,8.3828125,-0.6484375
47395.31148533473,-170632.80679483412,69.3,1737337912.1079998,3.3359375,1.4453125,-0.6484375
47396.132220614345,-170634.3778579468,66.0,1737337912.1079998,1.8515625,2.4140625,-0.6484375
47398.67307963909,-170642.1448719238,81.4,1737337912.1079998,-4.1640625,7.9453125,-0.3203125
47398.6416136497,-170634.19986371745,71.8,1737337912.1079998,-0.25,1.03125,-0.3203125
47396.126185087276,-170633.6220453808,52.2,1737337912.1079998,2.2265625,1.7578125,2.921875
47395.91462791293,-170633.58400362398,51.5,1737337912.1079998,2.4296875,1.828125,3.25
47396.72510561087,-170635.81216608046,55.1,1737337912.1079998,0.6328125,3.375,5.53125
47397.0905149063,-170635.33635060865,50.8,1737337912.1079998,0.546875,2.78125,5.53125
47396.68613144212,-170634.57209041552,50.0,1737337912.1079998,1.2734375,2.3125,9.757812
47396.463989937605,-170635.27158194932,53.8,1737337912.1079998,1.125,3.03125,-7.8046880000000005
47393.155131935535,-170650.4975894665,77.2,1737337912.1079998,-3.4375,17.9296875,-0.6484375
47393.73324079121,-170640.25202870838,70.4,1737337912.1079998,1.0703125,8.7109375,-0.6484375
47398.07239347656,-170636.09309206865,64.9,1737337912.1079998,-0.6796875,2.9609375,-0.6484375
47397.898044832014,-170633.43346682127,69.5,1737337912.1079998,0.7734375,0.7265625,-0.3203125
47397.18168723757,-170636.8027676749,56.1,1737337912.1079998,-0.25,4.015625,9.4375
47397.19516447058,-170637.0342635428,58.2,1737337912.1079998,-0.375,4.2109375,9.757812
47396.688095450954,-170636.5169626172,55.0,1737337912.1079998,0.3203125,4.0078125,-9.4375
47396.375335927194,-170636.547562668,56.4,1737337912.1079998,0.578125,4.1875,9.757812
47389.77434001554,-170649.43440292476,68.1,1737337912.1079998,0.03125,18.65625,0.0
47393.09500422843,-170643.81742333667,59.7,1737337912.1079998,-0.1171875,12.1328125,5.203125
47387.663199250266,-170653.00671414065,55.9,1737337912.1079998,0.125,22.8046875,9.109375
47391.38364325489,-170646.485323517,60.4,1737337912.1079998,0.0703125,15.296875,-10.414060000000001
47395.118845810764,-170639.50642237262,57.5,1737337912.1079998,0.2265625,7.3828125,-7.8046880000000005
47386.88707340874,-170654.83763728404,75.6,1737337912.1079998,-0.09375,24.78125,0.0
47392.64910963477,-170643.5583708572,55.3,1737337912.1079998,0.3984375,12.125,2.921875
47394.05926269732,-170647.09139690455,87.4,1737337912.177,-2.3046875,14.5234375,0.0
47404.36583943566,-170642.42220078094,99.7,1737337912.177,-9.203125,5.5546875,0.0
47400.53587182265,-170642.39901594998,83.5,1737337912.177,-5.8125,7.3359375,0.0
47401.41977878032,-170638.39931106658,83.7,1737337912.177,-4.7109375,3.390625,0.0
47409.13336477532,-170650.16947610132,77.9,1737337912.177,-17.0546875,10.1484375,0.3203125
47403.1646313533,-170640.37417044805,80.7,1737337912.177,-7.1796875,4.3125,0.3203125
47396.57675274253,-170634.87907191835,52.0,1737337912.177,1.21875,2.5625,4.226562
47396.642807345364,-170634.22372874105,52.5,1737337912.177,1.46875,1.953125,4.226562
47398.76944792137,-170635.63188108528,51.4,1737337912.177,-1.0703125,2.1953125,10.085939999999999
47395.720385604414,-170641.16875333767,61.3,1737337912.177,-0.984375,8.515625,-9.4375
47395.8292334729,-170633.39161899107,54.0,1737337912.177,2.578125,1.6015625,-8.78125
47396.82169554019,-170634.86799695634,53.4,1737337912.177,1.0078125,2.4375,-8.78125
47395.458421639596,-170633.67201883512,57.9,1737337912.177,2.7734375,2.0234375,-1.945312
47391.6662338977,-170651.4640846395,83.5,1737337912.177,-2.25,19.5078125,-0.6484375
47391.98369375085,-170650.95161750694,85.1,1737337912.177,-2.2890625,18.90625,-0.6484375
47390.211967000236,-170645.32372997163,86.4,1737337912.177,1.921875,14.7734375,-0.6484375
47394.735694987576,-170646.88538875734,84.9,1737337912.177,-2.8046875,14.0234375,-0.6484375
47389.26443156678,-170635.84136924852,78.7,1737337912.177,7.21875,6.8515625,-0.6484375
47390.06956955287,-170635.79250628734,76.9,1737337912.177,6.53125,6.4296875,-0.6484375
47395.24318847378,-170632.8136029631,76.6,1737337912.177,3.3671875,1.3671875,-0.6484375
47394.008549792816,-170646.22329970257,87.5,1737337912.177,-1.8515625,13.78125,-0.3203125
47398.672241864515,-170641.75965662082,80.9,1737337912.177,-3.8671875,7.6484375,-0.3203125
47396.04236971466,-170632.8589506701,49.4,1737337912.177,2.640625,1.03125,4.226562
47397.1006523561,-170634.89276125788,51.0,1737337912.177,0.75,2.328125,4.226562
47397.665990459405,-170635.32693922232,51.1,1737337912.177,0.046875,2.4453125,10.085939999999999
47393.35615260801,-170639.75788782357,57.6,1737337912.177,1.765625,8.3828125,-9.4375
47398.446943945615,-170636.20363224513,51.6,1737337912.177,-1.0546875,2.8515625,-8.78125
47396.218445947365,-170633.20956131504,52.0,1737337912.177,2.3203125,1.2578125,-8.78125
47396.46568325364,-170635.65207052766,48.4,1737337912.177,0.953125,3.296875,-1.945312
47397.370631134094,-170636.06366695475,54.3,1737337912.177,-0.0390625,3.234375,9.757812
47396.46182343249,-170637.13736538874,59.9,1737337912.177,0.2578125,4.609375,-9.757812
47396.648296033214,-170636.55506967244,55.0,1737337912.177,0.3671875,4.0078125,-8.132812
47396.18154707875,-170637.43061604394,55.9,1737337912.177,0.3671875,5.0,-4.554688
47397.441828651776,-170635.88028974098,51.6,1737337912.177,-0.015625,3.0390625,-5.851562
47387.575069166065,-170653.01034179074,56.1,1737337912.177,0.6328125,22.796875,-10.414060000000001
47389.0922199792,-170653.80141996618,55.2,1737337912.177,-1.078125,22.78125,-7.8046880000000005
47393.2055204768,-170645.25515857752,58.6,1737337912.177,-0.6875,13.3046875,-6.179688
47392.20985248425,-170646.30911213445,58.9,1737337912.177,-0.3046875,14.703125,-4.226562
47389.44290351236,-170649.07479217064,57.2,1737337912.177,0.8359375,18.4453125,-3.578125
47390.04795365239,-170650.5305620325,60.2,1737337912.177,-0.3828125,19.4453125,-2.601562
47391.91311127296,-170644.55732905146,87.1,1737337912.177,0.78125,13.296875,-0.6484375
47387.248249057855,-170655.08485113212,74.3,1737337912.177,-0.0546875,24.78125,0.0
47404.32951695028,-170642.42900220762,99.8,1737337912.254,-9.234375,5.5,0.0
47400.614992009716,-170642.39358100988,82.0,1737337912.254,-5.9453125,7.2265625,0.0
47401.69074712238,-170639.79659000767,75.3,1737337912.254,-5.6640625,4.4296875,0.0
47401.21163235842,-170638.49276738262,85.1,1737337912.254,-4.625,3.5078125,0.0
47405.855963996786,-170644.96940588034,79.7,1737337912.254,-11.78125,7.015625,0.3203125
47402.732431533135,-170640.15217605905,77.4,1737337912.254,-6.75,4.25,0.3203125
47397.868415754114,-170635.68592152052,50.7,1737337912.254,-0.3515625,2.6171875,1.945312
47400.07525162711,-170635.52337663507,53.9,1737337912.254,-2.21875,1.4296875,9.109375
47400.40993138961,-170635.79183796904,53.0,1737337912.254,-2.640625,1.5078125,-5.851562
47390.00487480228,-170641.855540536,61.6,1737337912.254,3.65625,11.7734375,-5.53125
47391.591851298144,-170641.97194095954,59.5,1737337912.254,2.203125,11.125,-5.53125
47396.11579777367,-170635.01939290867,53.0,1737337912.254,1.5078125,2.859375,-5.53125
47398.095814617736,-170635.55976007652,52.5,1737337912.254,-0.4921875,2.3984375,-5.53125
47390.855317700174,-170632.51290361953,59.9,1737337912.254,7.328125,3.140625,-2.601562
47391.38396127698,-170650.97687637393,83.3,1737337912.254,-1.875,19.15625,-0.6484375
47393.8030939148,-170646.19270070494,81.3,1737337912.254,-1.7421875,13.796875,-0.6484375
47395.80827991551,-170642.29470403638,73.8,1737337912.254,-1.6640625,9.4140625,-0.6484375
47389.963177435384,-170635.6430725955,76.1,1737337912.254,6.6328125,6.3203125,-0.6484375
47390.57217778379,-170635.6154747324,76.9,1737337912.254,6.109375,6.0078125,-0.6484375
47396.383583859686,-170635.06568708963,68.8,1737337912.254,1.25,2.7734375,-0.6484375
47393.9921724072,-170646.89731115493,87.8,1737337912.254,-2.2421875,14.328125,-0.3203125
47396.418323210324,-170634.35714771826,47.1,1737337912.254,1.5546875,2.1328125,1.945312
47399.482014670975,-170635.9673835939,52.3,1737337912.254,-1.90625,2.1015625,8.78125
47397.17380485769,-170635.29506399046,52.7,1737337912.254,0.4453125,2.6015625,9.109375
47395.87193971616,-170634.03704452573,52.9,1737337912.254,2.1875,2.109375,-5.851562
47395.034722892364,-170644.95647415725,55.4,1737337912.254,-2.2421875,12.125,-5.53125
47398.87029277716,-170636.44580255626,52.4,1737337912.254,-1.59375,2.8125,-5.53125
47396.765117084164,-170634.5700382722,51.9,1737337912.254,1.1484375,2.15625,-5.53125
47395.622987980685,-170652.19860781042,74.8,1737337912.254,-6.1875,18.2265625,-0.6484375
47388.66812719026,-170642.7426472719,71.9,1737337912.254,4.4140625,13.1875,-0.6484375
47392.70903733566,-170640.58555667906,67.0,1737337912.254,1.875,9.375,-0.6484375
47395.80072151084,-170633.7238714405,62.6,1737337912.254,2.3984375,1.8671875,-0.6484375
47395.95328739641,-170637.5837180107,54.8,1737337912.254,0.4375,5.1953125,6.507812
47397.04668852528,-170635.69680110292,52.4,1737337912.254,0.3671875,3.015625,-7.15625
47389.969842612714,-170648.06226519152,57.5,1737337912.254,0.75,17.2578125,3.8984379999999996
47393.56658872494,-170643.0504381713,60.6,1737337912.254,-0.046875,11.140625,4.226562
47390.64380630704,-170648.44203175892,57.4,1737337912.254,-0.0234375,17.2734375,-4.226562
47391.93345456874,-170644.39024863034,86.9,1737337912.254,0.7578125,13.09375,-0.6484375
47387.10476608631,-170655.06341280762,74.7,1737337912.254,-0.0390625,24.78125,0.0
47405.855963996786,-170644.96940588034,81.4,1737337912.326,-11.78125,7.015625,0.0
47404.30466118627,-170642.44225543467,103.0,1737337912.326,-9.21875,5.5234375,0.0
47402.59387633731,-170640.22851000805,77.8,1737337912.326,-6.6640625,4.3828125,0.0
47401.97497184861,-170639.87831934085,69.6,1737337912.326,-5.953125,4.3671875,0.0
47402.06602548745,-170639.39513253563,73.1,1737337912.326,-5.8046875,3.8984375,0.0
47403.73707780823,-170639.98237371913,79.7,1737337912.326,-7.5546875,3.625,0.3203125
47398.709371428864,-170635.85386838936,52.9,1737337912.326,-1.171875,2.3671875,1.945312
47398.608297682775,-170635.84391654242,53.8,1737337912.326,-1.078125,2.40625,2.921875
47396.12340312891,-170634.16325367632,53.5,1737337912.326,1.90625,2.1015625,9.4375
47398.164706885065,-170636.1909423501,52.1,1737337912.326,-0.8515625,2.921875,9.757812
47394.75424210426,-170635.44089059514,59.3,1737337912.326,2.5078125,3.875,10.085939999999999
47397.11237482575,-170635.24432931366,53.6,1737337912.326,0.5234375,2.5859375,-7.8046880000000005
47397.465027951555,-170635.49584043305,53.0,1737337912.326,0.09375,2.640625,-6.507812
47396.6850861476,-170634.4383654771,52.5,1737337912.326,1.28125,2.078125,-4.226562
47384.81639095051,-170644.6466237619,83.9,1737337912.326,6.90625,16.6875,-0.96875
47392.063947896815,-170651.03175135228,87.1,1737337912.326,-2.5,18.8828125,-0.6484375
47392.741853710984,-170646.38531251135,83.1,1737337912.326,-0.8984375,14.46875,-0.6484375
47393.97861898597,-170646.04754274891,80.9,1737337912.326,-1.828125,13.5859375,-0.6484375
47399.027387972536,-170642.17929225342,71.5,1737337912.326,-4.4453125,7.7890625,-0.6484375
47390.600846502275,-170635.71068922651,74.6,1737337912.326,6.0390625,6.078125,-0.6484375
47400.7178324128,-170642.5818477337,90.4,1737337912.326,-6.125,7.34375,-0.3203125
47401.32851720339,-170638.44026604886,76.5,1737337912.326,-4.703125,3.40625,-0.3203125
47397.72337376502,-170635.62574657114,52.4,1737337912.326,-0.1953125,2.6328125,1.945312
47396.88781347448,-170635.03501978028,50.7,1737337912.326,0.8203125,2.5078125,2.921875
47397.273064240166,-170635.60556323687,52.4,1737337912.326,0.2109375,2.828125,9.4375
47398.69190963992,-170635.85335681494,52.5,1737337912.326,-1.15625,2.375,-7.8046880000000005
47388.67500959097,-170642.74634425945,57.6,1737337912.326,4.40625,13.1875,-6.507812
47400.124963155125,-170635.49687018106,51.7,1737337912.326,-2.25,1.3828125,-6.507812
47396.54095285238,-170652.1241359316,79.0,1737337912.326,-6.9609375,17.7265625,-0.6484375
47395.06610655705,-170647.2258791779,76.7,1737337912.326,-3.34375,14.109375,-0.6484375
47395.793948477854,-170636.46053620055,66.5,1737337912.326,1.109375,4.28125,-0.6484375
47397.01915892249,-170635.68201315278,53.5,1737337912.326,0.3984375,3.015625,9.4375
47397.098050743356,-170635.73325940393,55.1,1737337912.326,0.3046875,3.0234375,-2.273438
47396.61500045875,-170636.8306305616,74.9,1737337912.326,0.2109375,4.21875,-0.6484375
47394.67694006838,-170641.1814946269,60.0,1737337912.326,-0.140625,8.96875,7.8046880000000005
47391.15757160762,-170647.37002793964,57.3,1737337912.326,0.03125,16.0859375,-10.085939999999999
47392.01922879031,-170644.44519186902,87.7,1737337912.326,0.65625,13.1015625,-0.6484375
47387.201119696125,-170655.11517063313,75.7,1737337912.326,-0.1484375,24.78125,0.0
47388.08828073783,-170653.34804434306,56.2,1737337912.326,-0.09375,22.8046875,8.78125
47389.17677750316,-170650.79337089375,55.0,1737337912.326,0.15625,20.0390625,10.085939999999999
47401.90402061732,-170639.45368328298,78.3,1737337912.401,-5.6328125,4.140625,0.0
47401.37219779023,-170638.39017781743,82.0,1737337912.401,-4.6796875,3.4296875,0.0
47404.481547375995,-170642.5349250977,100.0,1737337912.401,-9.3203125,5.734375,0.3203125
47403.57953637376,-170640.051955924,80.5,1737337912.401,-7.3984375,3.921875,0.3203125
47394.529187118176,-170647.3133620669,76.3,1737337912.401,-2.578125,14.4765625,0.6484375
47398.52669137573,-170636.25857789133,53.9,1737337912.401,-1.1796875,2.8046875,4.554688
47396.219488978786,-170634.03053601226,51.5,1737337912.401,1.8828125,1.8515625,4.554688
47398.151056783514,-170635.59726946946,52.9,1737337912.401,-0.546875,2.3828125,8.132812
47398.75379127656,-170636.2591627633,54.3,1737337912.401,-1.3828125,2.703125,8.78125
47390.61556276106,-170635.29485930453,78.6,1737337912.401,6.3203125,5.5,-0.6484375
47392.069771274124,-170651.27955579027,84.3,1737337912.401,-2.1640625,19.125,-0.3203125
47395.19711431014,-170647.08099310048,85.2,1737337912.401,-3.0703125,13.96875,-0.3203125
47394.33986004299,-170646.2123061174,91.7,1737337912.401,-1.9140625,13.578125,-0.3203125
47399.052985632785,-170642.18203923065,82.1,1737337912.401,-4.3125,7.859375,-0.3203125
47396.79552605006,-170635.56233363232,53.5,1737337912.401,0.6796875,2.9609375,4.554688
47400.422955594746,-170635.25373372593,51.1,1737337912.401,-2.421875,1.0546875,4.554688
47395.44100858188,-170647.34366130971,81.4,1737337912.401,-3.40625,14.09375,-0.6484375
47395.644629478724,-170636.11140073172,73.0,1737337912.401,1.4609375,3.96875,-0.6484375
47397.742873441086,-170636.72124366823,68.4,1737337912.401,-0.6875,3.5703125,-0.6484375
47397.32859492048,-170652.42161863786,81.1,1737337912.401,-7.375,17.78125,-0.3203125
47397.09367519642,-170636.4645193769,52.5,1737337912.401,0.0078125,3.6328125,1.625
47397.43567605667,-170636.61913034742,53.8,1737337912.401,-0.3671875,3.6171875,3.578125
47397.10889491214,-170637.33802552405,59.8,1737337912.401,-0.3984375,4.40625,7.15625
47396.38428337755,-170637.87421500465,57.3,1737337912.401,0.0078125,5.2109375,8.132812
47396.86283850417,-170636.55825931186,53.6,1737337912.401,0.171875,3.8203125,-2.273438
47396.6558198642,-170636.90012520168,73.7,1737337912.401,0.203125,4.21875,-0.6484375
47394.79697898607,-170642.36673492964,56.3,1737337912.401,-0.59375,9.9375,9.757812
47388.37206253464,-170653.10081945802,58.1,1737337912.401,0.3203125,22.4140625,-6.828125
47394.617875111006,-170642.7226481822,60.0,1737337912.401,-0.59375,10.3359375,-3.578125
47392.917109444854,-170646.50212686812,84.8,1737337912.401,-0.7734375,14.4765625,-0.6484375
47392.272050293825,-170644.6382340478,87.3,1737337912.401,0.640625,13.1015625,-0.6484375
47392.54592887731,-170644.11136535526,70.0,1737337912.401,0.6328125,12.5078125,-0.6484375
47387.66388805888,-170655.39446677474,75.6,1737337912.401,-0.078125,24.78125,0.0
47392.88783975726,-170644.30091477206,54.7,1737337912.401,0.2421875,12.5234375,-10.414060000000001
47398.34225135335,-170634.24090287325,70.3,1737337912.476,-0.0859375,1.0625,0.0
47405.28435447953,-170641.96504080086,97.1,1737337912.476,-9.515625,5.4140625,0.3203125
47403.2881649763,-170639.7453765028,76.2,1737337912.476,-6.8046875,4.1640625,0.3203125
47398.7725538185,-170636.06749703558,52.4,1737337912.476,-1.203125,2.5703125,5.203125
47398.276378810166,-170635.83700459026,51.8,1737337912.476,-0.65625,2.5546875,6.507812
47396.4743318324,-170635.59747332908,56.5,1737337912.476,1.09375,3.046875,-9.757812
47397.10387087043,-170635.10289191475,51.5,1737337912.476,0.7109375,2.34375,-9.757812
47396.91294088232,-170635.19084185938,51.8,1737337912.476,0.8515625,2.5,-3.25
47400.34286819773,-170636.23283864555,54.0,1737337912.476,-2.7109375,2.1015625,-1.945312
47393.110060889274,-170651.85726166304,86.6,1737337912.476,-2.2421875,19.3125,-0.6484375
47393.127346985486,-170651.2438383957,87.6,1737337912.476,-2.015625,18.7421875,-0.6484375
47390.57926215302,-170635.3233952248,78.1,1737337912.476,6.6171875,5.125,-0.6484375
47395.34763159396,-170635.11270313698,66.5,1737337912.476,2.3203125,3.046875,-0.6484375
47395.582792433066,-170647.19734510314,86.0,1737337912.476,-2.671875,14.0546875,-0.3203125
47394.9834829,-170646.6333103414,85.7,1737337912.476,-1.8984375,13.7734375,-0.3203125
47399.49325103568,-170642.16094192487,80.7,1737337912.476,-4.2734375,7.8828125,-0.3203125
47401.85640385113,-170638.09174900287,82.9,1737337912.476,-4.8359375,3.2109375,-0.3203125
47397.620533989066,-170633.1904493239,67.5,1737337912.476,0.9921875,0.3828125,0.0
47400.68794446236,-170635.23314288686,51.6,1737337912.476,-2.6328125,1.046875,5.203125
47400.06183174731,-170635.4825551979,49.0,1737337912.476,-2.15625,1.5234375,6.507812
47395.98584118086,-170635.01307958894,52.7,1737337912.476,1.7734375,2.703125,8.460938
47400.30006355097,-170636.03581789468,52.0,1737337912.476,-2.59375,1.9375,-9.757812
47396.531434346936,-170634.39733049655,47.9,1737337912.476,1.515625,1.921875,-9.757812
47396.287350915496,-170634.35184658392,47.3,1737337912.476,1.7578125,1.9765625,-3.25
47398.057813929285,-170636.60196469582,52.3,1737337912.476,-0.7578125,3.34375,-1.945312
47395.80886614292,-170638.2708719528,55.6,1737337912.476,0.6484375,5.765625,9.109375
47396.7007460746,-170638.6886289283,54.4,1737337912.476,-0.3359375,5.796875,9.109375
47392.92199860334,-170646.32467917365,60.9,1737337912.476,0.1171875,14.3046875,5.851562
47391.247360244866,-170650.9877829215,57.1,1737337912.476,-0.1875,19.25,-5.53125
47395.95911834974,-170640.09604182848,60.0,1737337912.476,-0.2109375,7.3828125,-4.226562
47392.05562239611,-170647.4487847999,84.0,1737337912.476,0.46875,15.6796875,-0.6484375
47388.9320869947,-170656.0131198983,74.8,1737337912.476,-0.046875,24.78125,0.0
47400.336870943036,-170642.49115771172,91.6,1737337912.552,-6.0625,7.1328125,0.0
47401.480063616866,-170639.65560846785,82.5,1737337912.552,-5.6640625,4.1015625,0.0
47405.53294251197,-170645.11046383492,80.7,1737337912.552,-11.875,6.859375,0.3203125
47402.91862962036,-170640.68302702365,73.5,1737337912.552,-7.421875,4.2890625,0.3203125
47402.248395133465,-170640.3764350746,78.9,1737337912.552,-6.6875,4.3515625,0.3203125
47394.236025190345,-170647.3546149448,71.1,1737337912.552,-3.140625,14.3671875,0.96875
47396.384630369364,-170634.41066228974,54.4,1737337912.552,1.3515625,2.0390625,4.226562
47399.003020161006,-170635.90674824323,53.7,1737337912.552,-1.6640625,2.0546875,9.109375
47382.310657450485,-170634.2796724082,60.3,1737337912.552,13.671875,8.84375,-9.4375
47399.813161124606,-170636.28334930196,53.8,1737337912.552,-2.5546875,1.984375,-7.15625
47384.373833463185,-170631.51490487612,57.9,1737337912.552,13.234375,5.421875,-3.8984379999999996
47398.455682319414,-170635.93867678347,54.7,1737337912.552,-1.203125,2.3515625,-3.8984379999999996
47390.31453516706,-170634.76988630247,78.6,1737337912.552,6.4609375,5.3359375,-0.96875
47391.13281692491,-170650.62677211154,88.9,1737337912.552,-2.046875,18.7421875,-0.6484375
47394.33281009693,-170646.96068162165,86.4,1737337912.552,-3.03125,13.9765625,-0.6484375
47405.261781296766,-170647.92692491948,86.8,1737337912.552,-13.0234375,9.4453125,-0.3203125
47398.6369224846,-170642.06978133463,82.9,1737337912.552,-4.375,7.6015625,-0.3203125
47398.233663768944,-170641.67167536225,78.3,1737337912.552,-3.828125,7.453125,-0.3203125
47397.23646583867,-170635.34908572314,48.9,1737337912.552,0.1484375,2.4375,4.226562
47396.10569536338,-170634.25319686468,51.4,1737337912.552,1.671875,2.0390625,9.109375
47396.643152298166,-170635.11283171418,51.4,1737337912.552,0.78125,2.5234375,-3.8984379999999996
47392.462670773835,-170646.23688594482,85.7,1737337912.552,-1.046875,14.265625,-0.6484375
47395.549367357096,-170632.9343381499,67.5,1737337912.552,2.8046875,1.1640625,-0.6484375
47397.08964112786,-170636.18128391614,50.9,1737337912.552,-0.1328125,3.234375,6.507812
47396.55206605312,-170636.7839228491,53.8,1737337912.552,0.0390625,4.0234375,8.78125
47395.34041267267,-170637.6429989856,58.5,1737337912.552,0.671875,5.3671875,-10.414060000000001
47396.6907721493,-170635.6959419148,68.3,1737337912.552,0.453125,3.0078125,-0.6484375
47397.33927823724,-170636.295295742,50.8,1737337912.552,-0.40625,3.2109375,6.507812
47396.38724182088,-170638.25190169047,57.9,1737337912.552,-0.5390625,5.3828125,-10.414060000000001
47394.04688669705,-170640.82430938588,56.8,1737337912.552,0.234375,8.7734375,7.484375
47389.43342078211,-170649.5687371387,58.7,1737337912.552,-0.046875,18.65625,9.109375
47390.5199778507,-170649.24909731702,60.6,1737337912.552,-0.8359375,17.84375,-6.507812
47392.65932459837,-170643.4411635692,60.0,1737337912.552,0.15625,11.734375,-3.25
47391.70224718137,-170644.2465827666,90.1,1737337912.552,0.59375,12.90625,-0.6484375
47386.469997654756,-170654.9294030573,75.5,1737337912.552,-0.1015625,24.78125,0.0
47393.92749864276,-170640.97222593328,57.8,1737337912.552,0.265625,8.9609375,10.085939999999999
47400.308779824314,-170642.49324243702,80.3,1737337912.6260002,-6.0390625,7.1484375,0.0
47401.490046670246,-170640.08290059428,78.7,1737337912.6260002,-5.8828125,4.46875,0.0
47403.80644813914,-170643.13101845884,87.2,1737337912.6260002,-9.3984375,5.984375,0.3203125
47402.14788134934,-170640.42734962757,76.7,1737337912.6260002,-6.625,4.4453125,0.3203125
47394.53306506299,-170647.6389293779,66.1,1737337912.6260002,-3.5390625,14.46875,0.96875
47399.78189024532,-170635.86198252093,51.7,1737337912.6260002,-2.3203125,1.6328125,6.828125
47396.34402130289,-170635.91287788178,55.2,1737337912.6260002,0.6484375,3.3671875,8.78125
47397.129573341386,-170637.8904524218,58.2,1737337912.6260002,-1.0078125,4.703125,-6.507812
47390.30147769838,-170634.68177232612,80.7,1737337912.6260002,6.515625,5.265625,-0.96875
47390.946819808036,-170651.19462837555,86.1,1737337912.6260002,-2.1640625,19.328125,-0.6484375
47391.20469047332,-170650.65837501994,88.2,1737337912.6260002,-2.125,18.734375,-0.6484375
47389.11506130789,-170635.73452362107,80.4,1737337912.6260002,7.03125,6.765625,-0.6484375
47395.12513365259,-170635.38627235178,67.5,1737337912.6260002,1.96875,3.5078125,-0.6484375
47395.36061825802,-170635.01680981374,63.0,1737337912.6260002,1.9453125,3.0703125,-0.6484375
47396.130268295085,-170635.43335268198,66.6,1737337912.6260002,1.0703125,3.0546875,-0.6484375
47405.06163167597,-170648.01130681962,85.8,1737337912.6260002,-12.890625,9.6171875,-0.3203125
47394.108521720096,-170646.69052289118,88.5,1737337912.6260002,-2.703125,13.8515625,-0.3203125
47398.678620188984,-170642.07537784966,84.7,1737337912.6260002,-4.4140625,7.5859375,-0.3203125
47398.000046800946,-170641.6564214257,83.9,1737337912.6260002,-3.6171875,7.5546875,-0.3203125
47401.37264439335,-170638.38382688456,90.0,1737337912.6260002,-4.9453125,3.046875,-0.3203125
47398.0824973012,-170634.24772168839,69.4,1737337912.6260002,-0.046875,1.0625,-0.3203125
47387.33167265917,-170643.0891162502,56.7,1737337912.6260002,4.96875,14.046875,0.96875
47396.962795318526,-170635.64316292305,49.9,1737337912.6260002,0.2421875,2.828125,6.828125
47397.94301540416,-170636.67200534456,52.8,1737337912.6260002,-1.1171875,3.2421875,8.78125
47395.71515568993,-170635.54889691743,62.3,1737337912.6260002,1.375,3.359375,-0.6484375
47397.89341937167,-170636.2672078219,62.5,1737337912.6260002,-0.875,2.9140625,-0.3203125
47398.94805429744,-170634.2877784392,66.7,1737337912.6260002,-0.8203125,0.671875,-0.3203125
47395.99353518158,-170636.89924679804,57.5,1737337912.6260002,0.46875,4.3984375,1.625
47396.79402192224,-170636.9115412606,55.6,1737337912.6260002,-0.234375,4.015625,9.757812
47396.0648628117,-170636.45505658284,53.4,1737337912.6260002,0.625,3.9765625,-8.78125
47395.206093114895,-170639.1999697507,57.7,1737337912.6260002,0.0234375,6.7890625,6.828125
47391.71585376703,-170644.25426400686,91.9,1737337912.6260002,0.578125,12.90625,-0.6484375
47386.43598119062,-170654.91019995668,75.0,1737337912.6260002,-0.0625,24.78125,0.0
47394.32658470917,-170641.87037552794,55.7,1737337912.6260002,-0.5234375,9.546875,9.757812
47402.38166502326,-170640.27428084626,79.5,1737337912.701,-6.6484375,4.4140625,0.3203125
47401.665406095875,-170639.75443730332,80.8,1737337912.701,-5.7734375,4.28125,0.3203125
47392.43518370463,-170640.4261880029,62.1,1737337912.701,2.1171875,9.1171875,2.273438
47398.693809894416,-170635.73784734146,54.5,1737337912.701,-1.2890625,2.078125,2.273438
47395.869898122844,-170633.45986169722,54.7,1737337912.701,2.265625,1.3515625,-8.460938
47396.07115206679,-170633.56391656952,54.9,1737337912.701,2.0390625,1.3515625,-8.132812
47399.200456645165,-170636.25485400134,53.9,1737337912.701,-1.9765625,2.3046875,-6.179688
47396.55675860178,-170635.6355468728,53.7,1737337912.701,0.65625,2.96875,-2.921875
47391.94430632318,-170651.39475187426,93.5,1737337912.701,-2.484375,19.0859375,-0.6484375
47390.44324749512,-170645.3504768654,86.2,1737337912.701,1.625,14.40625,-0.6484375
47390.183655371824,-170635.35711385225,77.8,1737337912.701,6.4453125,5.6484375,-0.6484375
47394.96569716356,-170635.20868907231,66.6,1737337912.701,2.265625,3.3203125,-0.6484375
47405.37206805585,-170648.06483561522,86.9,1737337912.701,-12.8828125,9.9609375,-0.3203125
47394.82812390162,-170646.9227998983,89.4,1737337912.701,-2.9921875,13.7890625,-0.3203125
47394.026417822664,-170646.26203286974,88.7,1737337912.701,-1.9765625,13.5703125,-0.3203125
47398.74872325701,-170642.26571164414,80.5,1737337912.701,-4.3359375,7.8515625,-0.3203125
47401.591931706615,-170638.21251120768,88.2,1737337912.701,-5.0,2.9453125,-0.3203125
47397.62582710298,-170642.61740291052,54.7,1737337912.701,-3.5,8.6796875,2.273438
47396.56475444175,-170634.78657027605,53.8,1737337912.701,1.0390625,2.2109375,2.273438
47397.387558296396,-170635.69570935,51.8,1737337912.701,-0.109375,2.640625,-8.460938
47398.04439039792,-170635.70110471387,51.5,1737337912.701,-0.6953125,2.34375,-8.132812
47395.55126652862,-170634.02510006726,53.6,1737337912.701,2.2890625,2.0,-6.179688
47395.770308551415,-170634.62207452432,51.6,1737337912.701,1.8203125,2.4296875,-2.921875
47392.89922434884,-170646.67306697142,78.7,1737337912.701,-1.1640625,14.453125,-0.6484375
47396.045593688985,-170636.74327098875,58.4,1737337912.701,0.6015625,4.1875,-5.203125
47396.94059034312,-170637.22360344688,57.7,1737337912.701,-0.4140625,4.203125,-5.203125
47388.304714033846,-170650.77943723273,57.9,1737337912.701,1.03125,20.2109375,2.601562
47389.7946943345,-170649.1223980008,56.6,1737337912.701,0.46875,18.0546875,7.8046880000000005
47392.64735906086,-170644.37049030885,56.8,1737337912.701,0.1171875,12.5234375,-7.8046880000000005
47392.26596451333,-170645.95867286882,61.3,1737337912.701,-0.2734375,14.109375,-5.851562
47392.075974110936,-170644.50601843063,93.9,1737337912.701,0.5625,12.90625,-0.6484375
47387.17724685661,-170655.34154893394,75.5,1737337912.701,-0.0625,24.78125,0.0
47401.768681367874,-170642.05254666533,94.1,1737337912.7910001,-6.1796875,7.03125,0.0
47402.449175424765,-170639.04378032198,78.3,1737337912.7910001,-5.75,3.9765625,0.0
47387.99397561666,-170642.42259670768,60.7,1737337912.7910001,6.5703125,12.2578125,3.8984379999999996
47391.83534528733,-170646.175531061,87.2,1737337912.7910001,1.6484375,14.40625,-0.6484375
47394.459084726506,-170633.45159601347,69.8,1737337912.7910001,3.703125,1.578125,-0.6484375
47394.103206475615,-170652.03077389277,95.4,1737337912.7910001,-2.546875,19.078125,-0.3203125
47406.94454023118,-170646.49490334606,84.6,1737337912.7910001,-12.59375,9.3515625,-0.3203125
47407.23572910299,-170645.83662036562,83.5,1737337912.7910001,-12.6328125,8.6328125,-0.3203125
47399.343371542316,-170641.6181815755,84.9,1737337912.7910001,-3.7578125,7.484375,-0.3203125
47402.15904285701,-170637.78093505386,83.1,1737337912.7910001,-5.03125,2.8984375,-0.3203125
47399.15497000419,-170634.11131847368,68.3,1737337912.7910001,-0.921875,0.53125,-0.3203125
47389.92525791737,-170644.00649541052,77.5,1737337912.7910001,4.203125,13.0546875,0.0
47394.509997932364,-170647.23070124033,77.8,1737337912.7910001,-1.2265625,14.4453125,-0.6484375
47398.59914496609,-170634.34350919467,67.3,1737337912.7910001,-0.484375,0.9453125,-0.3203125
47397.82386414152,-170636.45585125018,52.8,1737337912.7910001,-0.5078125,3.1953125,9.757812
47396.514684184534,-170637.46362159253,73.5,1737337912.7910001,0.359375,4.6015625,-0.6484375
47397.59792280363,-170637.82392250886,66.4,1737337912.7910001,-0.78125,4.5546875,-0.6484375
47394.0831835421,-170646.9018963143,59.6,1737337912.7910001,-0.7109375,14.2890625,1.945312
47389.20228962005,-170654.11717852452,58.8,1737337912.7910001,1.296875,22.765625,3.8984379999999996
47393.38230106423,-170645.1575978224,93.1,1737337912.7910001,0.5625,12.90625,-0.6484375
47402.589347394016,-170643.6621341764,83.7,1737337912.856,-8.109375,7.640625,0.0
47401.32873286063,-170642.22811191514,81.2,1737337912.856,-6.3671875,6.859375,0.0
47401.8339877841,-170639.42728489207,82.6,1737337912.856,-5.6640625,4.1015625,0.0
47395.258713172996,-170647.90823592307,80.4,1737337912.856,-3.203125,14.546875,0.6484375
47396.40870412963,-170635.90382821212,51.6,1737337912.856,0.734375,3.1484375,1.296875
47396.627733908856,-170635.57440432644,54.3,1737337912.856,0.671875,2.7578125,1.296875
47396.175341266906,-170635.4366592358,54.6,1737337912.856,1.140625,2.8203125,-9.109375
47399.996556297556,-170635.43716889026,50.5,1737337912.856,-2.3359375,1.234375,-6.828125
47391.01061679765,-170645.8322553711,87.0,1737337912.856,1.5234375,14.421875,-0.6484375
47390.560750573386,-170635.7341368423,83.1,1737337912.856,6.125,5.421875,-0.6484375
47394.95856821664,-170635.82602340655,72.6,1737337912.856,2.0859375,3.6796875,-0.6484375
47392.924944453545,-170651.59214182905,93.9,1737337912.856,-2.609375,18.8671875,-0.3203125
47399.02003947248,-170642.09342559119,86.2,1737337912.856,-4.2109375,7.6953125,-0.3203125
47398.69538095324,-170641.7134075121,82.4,1737337912.856,-3.7578125,7.484375,-0.3203125
47401.65874765405,-170638.13647494832,76.8,1737337912.856,-4.96875,3.0,-0.3203125
47398.819442986925,-170636.54880828527,51.1,1737337912.856,-1.7265625,2.734375,1.296875
47399.41124305015,-170635.98588116476,50.1,1737337912.856,-2.03125,1.9765625,1.296875
47396.128574104296,-170634.71114060364,48.0,1737337912.856,1.484375,2.1796875,-6.828125
47397.03822085766,-170636.50025326965,54.8,1737337912.856,-0.0859375,3.4296875,-4.226562
47396.645369519065,-170636.7589427885,66.5,1737337912.856,0.1640625,3.828125,-0.6484375
47392.83225964577,-170646.5261451725,57.9,1737337912.856,-0.421875,14.296875,5.851562
47390.07232629182,-170649.82664921947,57.4,1737337912.856,0.71875,18.4453125,6.507812
47389.469813400196,-170651.07168945498,58.8,1737337912.856,0.75,19.828125,-4.554688
47394.44143321895,-170641.83316255995,59.7,1737337912.856,0.0625,9.359375,-2.601562
47392.64875213174,-170644.70772359776,93.4,1737337912.856,0.5,12.71875,-0.6484375
47388.17398704524,-170655.92484026938,75.1,1737337912.856,-0.0859375,24.78125,0.0
47402.175314158565,-170643.81669477926,86.3,1737337912.926,-7.796875,7.953125,0.0
47401.2873295371,-170642.24356797538,92.5,1737337912.926,-6.3359375,6.890625,0.0
47401.91617382404,-170639.37891451767,78.2,1737337912.926,-5.71875,4.0234375,0.0
47401.62673469127,-170637.9243531012,84.9,1737337912.926,-4.8515625,2.8203125,0.0
47406.37147902313,-170644.72683633733,79.5,1737337912.926,-11.9921875,7.0390625,0.3203125
47402.71722917367,-170640.27689525732,78.9,1737337912.926,-6.8203125,4.5078125,0.3203125
47399.66747227488,-170635.42439474948,50.8,1737337912.926,-2.03125,1.359375,1.945312
47397.475659808966,-170635.8239472445,52.3,1737337912.926,-0.203125,2.6328125,-6.179688
47385.74713425623,-170645.68024388055,85.2,1737337912.926,6.375,16.46875,-0.6484375
47391.07844761952,-170645.87179687314,84.4,1737337912.926,1.4453125,14.4296875,-0.6484375
47395.16900559861,-170636.92679475134,71.5,1737337912.926,1.4375,4.59375,-0.6484375
47396.11087209049,-170636.18011635687,66.4,1737337912.926,0.890625,3.5234375,-0.6484375
47392.91783703057,-170651.58889842115,93.4,1737337912.926,-2.6015625,18.8671875,-0.3203125
47395.87625372377,-170650.03636232635,85.6,1737337912.926,-4.6484375,16.2265625,-0.3203125
47405.37987542012,-170647.6148733764,83.7,1737337912.926,-12.2890625,10.078125,-0.3203125
47399.21532367289,-170642.07949148942,88.1,1737337912.926,-4.3828125,7.6015625,-0.3203125
47401.67234189285,-170638.12550351027,85.3,1737337912.926,-4.9765625,2.984375,-0.3203125
47397.92146953208,-170634.30129639653,69.7,1737337912.926,0.0234375,1.0625,-0.3203125
47396.58268819565,-170634.99565914818,50.4,1737337912.926,0.953125,2.25,1.945312
47396.44087959906,-170635.1370466285,52.3,1737337912.926,1.0234375,2.4375,-6.179688
47394.620056848966,-170634.76126941168,65.2,1737337912.926,2.8359375,2.8515625,-0.6484375
47397.325568978675,-170633.2736605938,67.1,1737337912.926,0.9921875,0.375,-0.3203125
47395.74370212066,-170638.73480637645,58.8,1737337912.926,0.1640625,6.0,1.625
47397.480203549974,-170636.2468093523,53.7,1737337912.926,-0.3828125,3.015625,6.179688
47397.02342238879,-170637.75586596146,57.0,1737337912.926,-0.59375,4.578125,8.460938
47396.388859550134,-170637.50922658836,53.4,1737337912.926,0.0859375,4.6171875,8.460938
47389.003302015284,-170652.60206833307,56.8,1737337912.926,0.5390625,21.4140625,1.945312
47392.30112386266,-170646.73031736407,59.9,1737337912.926,-0.0234375,14.703125,6.179688
47389.96704497964,-170654.53609263152,57.1,1737337912.926,-1.140625,22.7734375,9.4375
47389.621005072695,-170653.75129130567,57.4,1737337912.926,-0.5,22.203125,10.085939999999999
47393.827926754726,-170643.94911329512,59.2,1737337912.926,-0.2578125,11.5390625,-7.484375
47392.06175441918,-170646.3892201799,59.7,1737337912.926,0.3359375,14.4921875,-6.507812
47389.830023884024,-170653.63198707352,59.0,1737337912.926,-0.640625,22.0078125,-4.226562
47394.26116182799,-170643.05620080058,57.3,1737337912.926,-0.28125,10.546875,-3.578125
47392.65585955472,-170644.7109670057,94.1,1737337912.926,0.4921875,12.71875,-0.6484375
47388.22373900608,-170655.9475441247,75.9,1737337912.926,-0.140625,24.78125,0.0
47393.94939568706,-170643.137204745,59.1,1737337912.926,-0.03125,10.75,4.554688
47401.225029349764,-170642.26386230177,94.0,1737337913.008,-6.3203125,6.90625,0.0
47401.89984913091,-170639.5939522785,87.0,1737337913.008,-5.8359375,4.1953125,0.0
47397.20958764099,-170635.55441599243,52.8,1737337913.008,0.1015625,2.4453125,-7.8046880000000005
47392.71814820042,-170651.16818169045,88.5,1737337913.008,-2.234375,18.5234375,-0.6484375
47391.08150888572,-170636.746274928,77.8,1737337913.008,5.1953125,6.0546875,-0.6484375
47395.97008208066,-170636.40033507303,67.9,1737337913.008,0.8828125,3.7265625,-0.6484375
47395.08378975834,-170633.59945698778,66.2,1737337913.008,2.84375,1.5390625,-0.6484375
47392.91122583048,-170651.63262948234,89.3,1737337913.008,-2.6015625,18.8671875,-0.3203125
47395.86703109487,-170650.06191827529,86.3,1737337913.008,-4.6484375,16.21875,-0.3203125
47395.892604033164,-170647.0643679523,86.2,1737337913.008,-3.4375,13.4765625,-0.3203125
47394.96342599613,-170646.4645065167,81.8,1737337913.008,-2.34375,13.3125,-0.3203125
47398.96041031304,-170642.1150826523,93.8,1737337913.008,-4.1953125,7.703125,-0.3203125
47401.58820108316,-170638.15862545435,83.1,1737337913.008,-4.9609375,3.015625,-0.3203125
47396.252665167216,-170634.6934033118,51.2,1737337913.008,1.328125,2.0546875,-7.8046880000000005
47395.16773100874,-170635.55772453253,67.6,1737337913.008,1.9609375,3.2890625,-0.6484375
47395.8126973354,-170635.4204915533,64.2,1737337913.008,1.4296875,2.8984375,-0.6484375
47396.83495013533,-170652.35958191895,79.7,1737337913.008,-6.4765625,17.9140625,-0.3203125
47390.214880706575,-170644.67904021946,76.4,1737337913.008,2.71875,13.640625,-0.3203125
47397.490017646334,-170634.32659652169,68.5,1737337913.008,0.3515625,1.2109375,-0.3203125
47395.704576995304,-170637.65204395136,58.7,1737337913.008,0.609375,4.9765625,5.203125
47397.387692673095,-170636.26071423735,56.4,1737337913.008,-0.3515625,3.015625,6.507812
47396.161905281464,-170637.45574952266,70.1,1737337913.008,0.2734375,4.609375,-0.6484375
47396.91998040455,-170636.72665123382,65.5,1737337913.008,-0.1171875,3.6328125,-0.3203125
47391.845761144075,-170650.23391622672,56.5,1737337913.008,-1.0546875,18.03125,3.25
47393.34921649008,-170644.00342437124,55.6,1737337913.008,0.140625,11.734375,3.578125
47391.126570058215,-170651.86359714178,59.4,1737337913.008,-1.0703125,19.8125,5.53125
47392.08882196287,-170647.34320616836,80.2,1737337913.008,-0.0859375,15.296875,-0.6484375
47392.64488061454,-170644.76537655527,93.4,1737337913.008,0.46875,12.71875,-0.6484375
47388.1266723278,-170655.9605517956,74.3,1737337913.008,-0.0234375,24.78125,0.0
47404.68883160153,-170642.24191796815,103.0,1737337913.076,-9.265625,5.828125,0.0
47401.60476910552,-170642.1215084086,89.5,1737337913.076,-6.359375,6.8671875,0.0
47403.052235899755,-170640.00904110653,76.7,1737337913.076,-6.9140625,4.3671875,0.0
47402.02503482965,-170639.27593245593,81.5,1737337913.076,-5.6875,4.0703125,0.0
47401.72897051273,-170637.792711779,76.3,1737337913.076,-4.859375,2.8046875,0.0
47399.60653304865,-170641.64625721582,60.6,1737337913.076,-4.328125,7.171875,1.296875
47393.479454331035,-170651.20676470033,89.4,1737337913.076,-2.2109375,18.328125,-0.6484375
47394.6203832231,-170647.00899685346,87.6,1737337913.076,-1.703125,14.0078125,-0.6484375
47390.64621266289,-170635.74372243107,80.1,1737337913.076,6.1875,5.0390625,-0.6484375
47393.70887267,-170651.8716384982,91.9,1737337913.076,-2.671875,18.859375,-0.3203125
47406.14916186412,-170647.17430421212,87.7,1737337913.076,-12.4609375,9.859375,-0.3203125
47395.836361724694,-170646.87491361485,86.9,1737337913.076,-2.78125,13.4296875,-0.3203125
47399.302495704454,-170642.08816333694,82.1,1737337913.076,-4.2109375,7.6953125,-0.3203125
47397.77206936668,-170634.3150818558,72.7,1737337913.076,0.109375,1.0546875,-0.3203125
47397.65496426643,-170637.9562375667,67.0,1737337913.076,-1.140625,4.4765625,-0.6484375
47395.426056436976,-170635.9398587917,69.2,1737337913.076,1.6796875,3.4375,-0.6484375
47398.96047285104,-170634.18674974356,71.9,1737337913.076,-0.9453125,0.4921875,-0.3203125
47397.01673487452,-170636.36066579504,54.2,1737337913.076,0.046875,3.234375,6.507812
47396.78731022624,-170636.47049109446,53.7,1737337913.076,0.21875,3.421875,-7.8046880000000005
47396.31915534046,-170637.78108623266,60.2,1737337913.076,0.1640625,4.8125,-5.851562
47396.80249365174,-170639.19647400756,56.8,1737337913.076,-0.8125,5.9453125,6.828125
47394.844496551654,-170641.23834522747,57.7,1737337913.076,0.2421875,8.5703125,1.625
47390.88755465657,-170652.4379266274,58.9,1737337913.076,-0.265625,20.4375,4.875
47390.529012922685,-170651.00536460153,61.2,1737337913.076,0.6015625,19.2421875,-9.109375
47390.24891700464,-170652.60211067862,58.9,1737337913.076,0.265625,20.828125,-5.203125
47394.622386667164,-170642.85841232314,57.6,1737337913.076,-0.15625,10.15625,-5.203125
47392.799580601495,-170645.52726068563,69.1,1737337913.076,0.5390625,13.3125,-0.6484375
47393.07911631232,-170644.99971438546,92.2,1737337913.076,0.4765625,12.71875,-0.6484375
47393.73264611398,-170644.6310029607,68.4,1737337913.076,0.0078125,12.1328125,-0.6484375
47389.00580670875,-170656.36301137632,74.4,1737337913.076,0.015625,24.78125,0.0
47404.23446260692,-170642.5278008097,97.0,1737337913.151,-8.953125,6.2890625,0.0
47401.770579429336,-170642.04891824015,88.0,1737337913.151,-6.484375,6.7421875,0.0
47403.060305623076,-170639.97831156355,80.2,1737337913.151,-6.9296875,4.34375,0.0
47401.95005160816,-170639.29988091034,85.1,1737337913.151,-5.6484375,4.1171875,0.0
47401.880350384534,-170637.63632460785,80.7,1737337913.151,-4.9765625,2.59375,0.0
47391.542731509806,-170645.17310977326,69.7,1737337913.151,1.8984375,13.3828125,2.273438
47396.664471450524,-170635.31539613058,53.2,1737337913.151,0.7265625,2.3359375,2.273438
47399.023277186956,-170635.91252905078,49.3,1737337913.151,-1.6875,2.03125,2.601562
47389.829373358116,-170651.17250037024,59.0,1737337913.151,1.3046875,19.59375,4.226562
47391.778641953206,-170645.29912352574,66.5,1737337913.151,1.6328125,13.4140625,4.554688
47396.29487747091,-170634.95239217437,53.4,1737337913.151,1.203125,2.1328125,4.875
47397.681838360215,-170636.40214772325,51.3,1737337913.151,-0.6171875,2.9765625,5.851562
47397.50166089368,-170636.1553282151,52.6,1737337913.151,-0.359375,2.8125,9.109375
47395.61110154512,-170646.67514323274,62.2,1737337913.151,-2.4375,13.296875,-8.460938
47399.77808913671,-170635.76360670253,54.8,1737337913.151,-2.3359375,1.6171875,-8.460938
47395.755820715975,-170634.42228647426,51.4,1737337913.151,1.8984375,1.8359375,-7.8046880000000005
47391.33149329855,-170645.04837372323,64.5,1737337913.151,2.140625,13.34375,-5.851562
47397.16430817453,-170635.83852306026,53.6,1737337913.151,0.0703125,2.640625,-5.851562
47391.391257325115,-170645.08857632775,66.3,1737337913.151,2.0703125,13.359375,-2.601562
47397.194879416755,-170636.06027802054,50.6,1737337913.151,-0.0390625,2.8359375,-2.601562
47393.72414881304,-170651.91844417743,93.8,1737337913.151,-2.59375,18.8671875,-0.6484375
47391.64663557243,-170646.12844524306,82.9,1737337913.151,1.453125,14.234375,-0.6484375
47390.52551615027,-170636.24924071727,81.4,1737337913.151,6.1015625,5.4453125,-0.6484375
47396.674681530654,-170650.21338972493,85.6,1737337913.151,-4.71875,16.203125,-0.3203125
47406.543160659334,-170647.14975041847,85.5,1737337913.151,-12.7890625,9.75,-0.3203125
47396.284921596634,-170647.18254184784,89.0,1737337913.151,-3.25,13.5234375,-0.3203125
47398.37220347519,-170642.37016817214,81.4,1737337913.151,-3.4375,8.28125,-0.3203125
47397.66157878764,-170634.54819233413,68.1,1737337913.151,0.078125,1.2578125,-0.3203125
47395.619383832556,-170633.9996156782,49.0,1737337913.151,2.1796875,1.4921875,2.601562
47397.614306528994,-170653.04017253473,58.8,1737337913.151,-6.625,18.4921875,4.226562
47395.91758789311,-170646.72812286243,62.1,1737337913.151,-2.7421875,13.234375,4.554688
47396.686058686224,-170645.83775584743,55.2,1737337913.151,-3.1328125,12.125,4.875
47398.320465861885,-170636.44264188808,48.0,1737337913.151,-1.2265625,2.78125,4.875
47397.71535375458,-170635.8027402525,53.0,1737337913.151,-0.4296875,2.40625,4.875
47399.05356043749,-170637.3340815262,52.4,1737337913.151,-2.234375,3.34375,5.53125
47395.8497947188,-170634.99613632605,52.5,1737337913.151,1.6015625,2.3359375,9.109375
47391.16832184905,-170644.95086531044,58.2,1737337913.151,2.328125,13.3125,-8.460938
47398.03177016237,-170636.2372055001,53.3,1737337913.151,-0.8828125,2.6953125,-8.460938
47396.400645925314,-170635.34626250176,48.8,1737337913.151,0.9609375,2.4609375,-7.8046880000000005
47388.556887643885,-170642.87861002726,57.7,1737337913.151,5.515625,12.3359375,-5.851562
47398.21469740749,-170636.04877156066,49.1,1737337913.151,-0.984375,2.453125,-5.851562
47396.48691719271,-170646.81697891792,58.6,1737337913.151,-3.3046875,13.109375,-2.601562
47399.59457163372,-170635.86789951223,50.2,1737337913.151,-2.203125,1.78125,-2.601562
47395.454945386395,-170635.78958161743,69.3,1737337913.151,1.6796875,3.21875,-0.6484375
47392.669696412835,-170645.95878095695,61.7,1737337913.151,0.5625,13.703125,1.945312
47390.64927949837,-170654.92572099448,55.6,1737337913.151,-0.828125,22.7890625,7.8046880000000005
47395.15910152318,-170640.3558125238,58.2,1737337913.151,0.2890625,7.578125,-5.203125
47393.226633865765,-170644.90160732708,89.5,1737337913.151,0.4296875,12.515625,-0.6484375
47389.20227729662,-170656.4983624761,75.3,1737337913.151,-0.0546875,24.78125,0.0
47401.70698229522,-170642.08273233206,92.1,1737337913.226,-6.4375,6.796875,0.0
47403.25080189652,-170639.83479872288,78.5,1737337913.226,-7.0546875,4.140625,0.0
47401.89332535186,-170637.62462734306,83.8,1737337913.226,-4.984375,2.578125,0.0
47396.40081805301,-170648.19292284985,80.8,1737337913.226,-3.7265625,14.421875,0.3203125
47391.57625047278,-170645.1946363425,65.9,1737337913.226,1.859375,13.390625,3.578125
47398.46564515215,-170635.83664796257,53.8,1737337913.226,-1.140625,2.1640625,3.578125
47391.506164070684,-170644.92383204686,66.6,1737337913.226,2.0234375,13.1640625,4.554688
47397.043502418855,-170635.78279008335,52.5,1737337913.226,0.203125,2.6328125,4.554688
47398.424855858386,-170636.43320489937,51.3,1737337913.226,-1.3203125,2.734375,-8.132812
47394.981450912775,-170635.0921762314,55.8,1737337913.226,2.375,2.7421875,-6.828125
47397.738456723884,-170636.40755366225,53.0,1737337913.226,-0.671875,2.9609375,-6.828125
47394.824484308156,-170637.12001776125,58.7,1737337913.226,1.78125,4.6875,-5.851562
47393.783611407605,-170633.7165345657,64.3,1737337913.226,3.9921875,1.8984375,-5.851562
47387.667107318164,-170641.57334632394,66.0,1737337913.226,6.8203125,11.4453125,-5.53125
47397.09294406992,-170635.59239099667,52.0,1737337913.226,0.2265625,2.4375,-5.203125
47393.638434851804,-170651.9016361026,95.1,1737337913.226,-2.5078125,18.8828125,-0.6484375
47393.68649804495,-170651.3079296998,93.6,1737337913.226,-2.3359375,18.3125,-0.6484375
47390.763978430085,-170635.70497596552,75.2,1737337913.226,6.078125,4.8515625,-0.6484375
47395.03483356399,-170636.4976080766,72.8,1737337913.226,1.8125,4.03125,-0.6484375
47396.41998002214,-170647.20190532776,88.3,1737337913.226,-3.3828125,13.4921875,-0.3203125
47395.42512582388,-170646.63582601506,89.1,1737337913.226,-2.25,13.328125,-0.3203125
47398.68704348292,-170642.16630104705,80.0,1737337913.226,-3.65625,7.9765625,-0.3203125
47399.16269390865,-170641.72337781568,79.3,1737337913.226,-3.9375,7.390625,-0.3203125
47397.860824605166,-170634.61788285195,66.7,1737337913.226,-0.1328125,1.25,-0.3203125
47396.318272000535,-170634.97834210895,50.3,1737337913.226,1.171875,2.1484375,3.578125
47397.403032631584,-170646.70609608485,57.2,1737337913.226,-4.1171875,12.671875,4.554688
47395.914766742215,-170634.74469551028,51.0,1737337913.226,1.6328125,2.078125,4.554688
47398.086722076434,-170637.03910163807,50.3,1737337913.226,-1.2265625,3.421875,-6.828125
47399.4704258416,-170636.1632788533,52.8,1737337913.226,-2.1953125,2.1015625,-6.828125
47397.552099392786,-170638.38192249136,58.7,1737337913.226,-1.21875,4.8671875,-5.851562
47396.04264845512,-170634.56825396453,49.7,1737337913.226,1.578125,1.8671875,-5.203125
47400.63532950442,-170636.3596669996,60.3,1737337913.226,-3.3515625,1.859375,-0.6484375
47395.43803655613,-170635.44731603045,62.1,1737337913.226,1.8203125,2.90625,-0.6484375
47394.018121147245,-170646.67181033353,78.3,1737337913.226,-0.953125,13.875,-0.3203125
47398.89115934495,-170634.4510690998,65.7,1737337913.226,-1.03125,0.71875,-0.3203125
47396.9331197941,-170636.38563834596,55.2,1737337913.226,0.0859375,3.234375,4.875
47395.627582373534,-170640.9589523467,57.4,1737337913.226,-0.3671875,7.96875,8.78125
47390.839164102246,-170650.9724627841,59.5,1737337913.226,0.4375,19.0390625,-8.132812
47393.06818447923,-170645.4772279525,66.4,1737337913.226,0.3671875,13.109375,-0.6484375
47393.28482506088,-170644.92441159885,87.4,1737337913.226,0.3671875,12.515625,-0.6484375
47389.23864679359,-170656.51261514597,75.1,1737337913.226,-0.09375,24.78125,0.0
47402.43379426407,-170641.72723858542,89.7,1737337913.301,-6.40625,6.828125,0.0
47402.56747756184,-170639.0756204057,80.2,1737337913.301,-5.8046875,4.2421875,0.0
47402.03086887202,-170637.4591455202,78.4,1737337913.301,-4.84375,2.8359375,0.0
47412.43254346581,-170644.46901245846,72.9,1737337913.301,-16.7734375,6.7109375,0.3203125
47396.56255251347,-170647.01832177525,81.3,1737337913.301,-2.21875,13.53125,0.3203125
47403.60706779621,-170639.50338792984,77.5,1737337913.301,-6.921875,4.3671875,0.3203125
47399.534994817004,-170635.41968317766,54.6,1737337913.301,-1.8828125,1.5625,8.132812
47390.98829933351,-170651.04544736905,60.6,1737337913.301,2.03125,18.9375,-6.507812
47398.05046494156,-170636.03471434276,52.9,1737337913.301,-0.625,2.5625,-5.53125
47399.59267457722,-170635.84253297542,56.7,1737337913.301,-2.0546875,1.953125,-2.921875
47395.19529409566,-170652.21783736124,91.0,1737337913.301,-2.3359375,18.90625,-0.6484375
47395.34254989582,-170651.84555514352,89.5,1737337913.301,-2.375,18.5078125,-0.6484375
47390.10004249809,-170648.8975494165,87.5,1737337913.301,3.4765625,17.1171875,-0.6484375
47395.319533100264,-170649.23032359596,85.4,1737337913.301,-1.6328125,16.0,-0.6484375
47392.84986989965,-170646.47510048372,81.5,1737337913.301,1.5,14.03125,-0.6484375
47395.93793242196,-170636.99811276988,75.6,1737337913.301,1.140625,4.0703125,-0.6484375
47394.736014701564,-170633.6470367935,69.0,1737337913.301,3.21875,1.1796875,-0.6484375
47407.62461143757,-170646.64333112925,82.8,1737337913.301,-12.75,10.125,-0.3203125
47407.40713177206,-170646.0690683058,83.9,1737337913.301,-12.3828125,9.6328125,-0.3203125
47396.71075708417,-170646.84134975311,84.4,1737337913.301,-2.3125,13.3203125,-0.3203125
47399.95470116637,-170641.98428432178,85.0,1737337913.301,-4.09375,7.7578125,-0.3203125
47395.71686776217,-170633.62727186526,54.0,1737337913.301,2.28125,0.890625,8.132812
47399.23442800184,-170652.41571877405,58.1,1737337913.301,-6.2734375,17.984375,-6.507812
47397.525748498985,-170635.96569994627,52.5,1737337913.301,-0.1015625,2.640625,-5.53125
47399.521972279326,-170650.81586559248,81.8,1737337913.301,-6.109375,16.3671875,-0.6484375
47396.28286674505,-170636.276116162,64.3,1737337913.301,1.0078125,3.28125,-0.6484375
47397.28085570821,-170636.31001862578,53.5,1737337913.301,0.0390625,3.0390625,9.4375
47396.22446989631,-170638.66486552087,56.2,1737337913.301,0.40625,5.59375,-8.460938
47396.7799527764,-170637.6049671433,72.2,1737337913.301,0.1640625,4.421875,-0.6484375
47395.723168606884,-170640.58544835518,58.5,1737337913.301,0.359375,7.578125,1.625
47394.40877366789,-170645.34501445515,86.2,1737337913.301,0.3125,12.515625,-0.6484375
47391.414676093045,-170657.2462618181,74.9,1737337913.301,-0.0859375,24.78125,0.0
47402.67295936497,-170641.82723932547,84.3,1737337913.38,-6.6171875,6.8984375,0.0
47402.336729052775,-170637.3971744763,85.0,1737337913.38,-5.1328125,2.7109375,0.0
47397.917242993615,-170648.13818593032,85.5,1737337913.38,-3.6796875,14.234375,0.3203125
47403.66668494932,-170639.41741604722,79.9,1737337913.38,-6.9453125,4.3125,0.3203125
47392.5129696377,-170645.53072847571,61.6,1737337913.38,2.21875,13.1328125,6.179688
47396.797017305136,-170643.10688360402,59.7,1737337913.38,-1.28125,9.671875,6.179688
47396.98936160411,-170635.83320337455,54.0,1737337913.38,0.4375,2.6015625,6.507812
47387.85451940953,-170641.63614261954,64.6,1737337913.38,7.734375,10.59375,-7.484375
47400.36074024957,-170635.4607119296,53.1,1737337913.38,-2.71875,1.359375,-7.484375
47392.685747263116,-170645.60997937262,65.5,1737337913.38,2.03125,13.1640625,-7.15625
47397.83383906847,-170636.06229464928,53.6,1737337913.38,-0.4375,2.6015625,-3.8984379999999996
47390.847714671174,-170637.2269488559,75.8,1737337913.38,6.0,5.5546875,-0.96875
47395.56551013837,-170652.12237612696,90.3,1737337913.38,-2.453125,18.6953125,-0.6484375
47395.41282740255,-170651.70049708325,88.1,1737337913.38,-2.1953125,18.328125,-0.6484375
47392.38502259196,-170647.19594203384,82.0,1737337913.38,1.90625,14.7734375,-0.6484375
47391.11791252143,-170636.88741008233,78.6,1737337913.38,5.828125,5.15625,-0.6484375
47396.143593209024,-170637.1903569264,73.6,1737337913.38,0.8984375,4.1328125,-0.6484375
47395.09818851751,-170635.8220448433,67.9,1737337913.38,2.265625,3.0859375,-0.6484375
47397.66606096744,-170647.33341143752,87.0,1737337913.38,-3.2265625,13.5234375,-0.3203125
47399.98583547071,-170642.00489754372,84.9,1737337913.38,-4.0703125,7.7734375,-0.3203125
47398.04689121916,-170634.50111727414,69.6,1737337913.38,-0.234375,1.0390625,-0.3203125
47392.60828132749,-170641.50914848482,59.0,1737337913.38,3.1796875,9.2265625,6.179688
47398.613546109846,-170636.02287384312,50.4,1737337913.38,-1.1796875,2.359375,6.507812
47395.59819701953,-170635.17248535177,53.0,1737337913.38,1.953125,2.328125,-7.484375
47396.89024742238,-170646.70201405097,58.9,1737337913.38,-2.3125,13.1171875,-7.15625
47396.739560548405,-170648.27201511126,77.2,1737337913.38,-2.578125,14.671875,-0.6484375
47394.7951010731,-170636.67073311945,70.2,1737337913.38,2.3359375,3.984375,-0.6484375
47398.00660947095,-170637.66337963828,66.6,1737337913.38,-1.0234375,4.1015625,-0.6484375
47395.66420877726,-170635.85417268742,66.7,1737337913.38,1.7109375,2.96875,-0.6484375
47397.58145808062,-170634.36675891257,67.6,1737337913.38,0.25,1.03125,-0.3203125
47396.82013849072,-170638.90382219874,59.7,1737337913.38,-0.203125,5.609375,8.132812
47396.980248530665,-170637.71683648374,58.2,1737337913.38,-0.046875,4.421875,-8.132812
47397.14789854798,-170636.53189622654,54.2,1737337913.38,0.1015625,3.234375,-4.554688
47393.069580212745,-170650.78959135368,56.4,1737337913.38,0.3046875,18.0625,6.179688
47395.81405541344,-170642.31405731972,59.5,1737337913.38,-0.125,9.1640625,-3.25
47394.43891550706,-170645.41370739185,86.4,1737337913.38,0.390625,12.515625,-0.6484375
47394.78464025003,-170643.66186522873,54.8,1737337913.38,0.515625,10.734375,2.601562
47396.60436387825,-170639.4604968157,58.3,1737337913.38,-0.140625,6.203125,-1.625
47402.06257927003,-170641.9330867116,84.3,1737337913.451,-6.6640625,6.5703125,0.0
47401.79973589858,-170637.63261886337,81.2,1737337913.451,-4.96875,2.609375,0.0
47396.57603587918,-170648.13553392107,76.8,1737337913.451,-3.5859375,14.2578125,0.6484375
47391.09864041148,-170644.6588528523,62.7,1737337913.451,2.7421875,12.828125,1.945312
47396.73443540055,-170642.9817589543,58.8,1737337913.451,-2.0,9.3515625,1.945312
47398.13404983736,-170636.53772477538,53.7,1737337913.451,-1.1484375,2.8125,1.945312
47397.98868491958,-170635.94645784775,53.0,1737337913.451,-0.8125,2.3046875,3.25
47396.90026328965,-170636.11319636882,52.4,1737337913.451,0.15625,2.828125,3.578125
47393.940399853054,-170651.51584909097,89.0,1737337913.451,-2.2421875,18.328125,-0.6484375
47393.94387849872,-170649.06952839054,83.2,1737337913.451,-1.421875,16.0234375,-0.6484375
47392.05445291482,-170646.51061222935,80.9,1737337913.451,1.21875,14.25,-0.6484375
47390.728960544286,-170636.27133484173,82.2,1737337913.451,5.9140625,5.0546875,-0.6484375
47396.73157568549,-170652.71291645954,84.8,1737337913.451,-5.2734375,18.515625,-0.3203125
47406.24360669255,-170646.6222300095,80.7,1737337913.451,-12.1796875,9.578125,-0.3203125
47396.23270229573,-170647.10012894872,85.4,1737337913.451,-2.9140625,13.3984375,-0.3203125
47399.31189296376,-170642.1775502921,90.7,1737337913.451,-4.15625,7.7265625,-0.3203125
47399.126581519806,-170641.60518839143,79.4,1737337913.451,-3.7890625,7.25,-0.3203125
47401.89681929749,-170639.54241285616,79.8,1737337913.451,-5.703125,4.375,-0.3203125
47397.693309632814,-170634.52165505078,68.0,1737337913.451,-0.0546875,1.0625,-0.3203125
47396.81254184883,-170646.56902422698,60.1,1737337913.451,-3.28125,12.703125,1.945312
47392.26915460752,-170641.1529528958,57.3,1737337913.451,2.8203125,9.1328125,1.945312
47396.438328856806,-170636.10567831364,51.9,1737337913.451,0.59375,2.9765625,1.945312
47395.710032004084,-170634.36015426565,49.5,1737337913.451,1.8671875,1.578125,3.25
47399.98950763788,-170635.52515678824,51.5,1737337913.451,-2.5546875,1.234375,3.578125
47391.060686510275,-170648.01379541212,76.5,1737337913.451,1.6484375,16.0,-0.6484375
47388.19379200028,-170643.91895325706,74.6,1737337913.451,5.7265625,13.109375,-0.6484375
47398.033308417784,-170634.56854511134,67.2,1737337913.451,-0.390625,0.9921875,-0.3203125
47396.80726858506,-170637.55678298452,55.9,1737337913.451,-0.2421875,4.21875,7.8046880000000005
47396.919792122215,-170637.38129656098,64.6,1737337913.451,-0.2890625,4.015625,-0.6484375
47396.50302418756,-170637.45630174552,66.1,1737337913.451,0.078125,4.2265625,-0.3203125
47389.621044741725,-170654.70901692813,57.3,1737337913.451,0.75,22.7890625,2.273438
47394.803963533566,-170642.09242351085,56.9,1737337913.451,0.1171875,9.1640625,5.851562
47391.06073092007,-170655.43947289186,57.6,1737337913.451,-0.8515625,22.9921875,7.15625
47392.90891795691,-170648.1353092683,56.2,1737337913.451,-0.1328125,15.4921875,7.15625
47395.135003520285,-170642.21078194358,58.5,1737337913.451,-0.234375,9.1640625,-4.226562
47395.46985425684,-170640.43882593134,58.0,1737337913.451,0.046875,7.3828125,-2.601562
47393.41813759617,-170645.15628149206,88.1,1737337913.451,0.390625,12.515625,-0.6484375
47389.75219936843,-170656.87160061215,75.5,1737337913.451,-0.1015625,24.78125,0.0
47391.171804832244,-170653.38838491167,54.9,1737337913.451,-0.265625,21.0234375,-10.414060000000001
47392.54544949928,-170647.57392142975,53.1,1737337913.451,0.3984375,15.0859375,-8.132812
47401.91277979687,-170642.00398056293,88.6,1737337913.526,-6.546875,6.6875,0.0
47396.95335100293,-170648.17087539882,79.5,1737337913.526,-3.953125,14.1640625,0.3203125
47401.846343139776,-170638.10560816384,71.2,1737337913.526,-5.171875,3.0390625,0.3203125
47401.761885441774,-170637.66886696607,71.8,1737337913.526,-4.9453125,2.65625,0.3203125
47395.78039173736,-170634.5346532586,50.3,1737337913.526,1.7421875,1.71875,10.085939999999999
47396.426407767,-170635.62849687444,53.9,1737337913.526,0.765625,2.53125,-9.757812
47392.28977832203,-170646.8270605361,82.8,1737337913.526,0.890625,14.46875,-0.6484375
47394.6435487484,-170646.99657309178,89.5,1737337913.526,-1.3828125,13.8359375,-0.6484375
47390.29312597151,-170636.77095812032,78.9,1737337913.526,6.15625,5.671875,-0.6484375
47390.51319549045,-170635.62171007614,79.8,1737337913.526,6.3359375,4.515625,-0.6484375
47393.64914478142,-170651.84315025146,81.0,1737337913.526,-2.078125,18.734375,-0.3203125
47394.257795187536,-170651.57954810926,89.1,1737337913.526,-2.5625,18.28125,-0.3203125
47398.52672830083,-170642.26188678175,85.1,1737337913.526,-3.4453125,8.0703125,-0.3203125
47398.901121535804,-170641.63243729316,78.2,1737337913.526,-3.5859375,7.3515625,-0.3203125
47401.89953029043,-170639.3027741019,77.0,1737337913.526,-5.625,4.1484375,-0.3203125
47397.34074331363,-170635.85584203195,47.5,1737337913.526,-0.171875,2.4375,10.085939999999999
47395.43788397333,-170634.14669617696,50.2,1737337913.526,2.1953125,1.46875,-9.757812
47388.767926748085,-170644.68011412927,72.9,1737337913.526,4.9296875,13.6328125,-0.6484375
47394.74610428584,-170636.19758214327,68.3,1737337913.526,2.15625,3.6328125,-0.6484375
47394.514921732596,-170634.54682564706,66.0,1737337913.526,2.9296875,2.15625,-0.6484375
47400.0951045366,-170652.23953688823,78.4,1737337913.526,-8.28125,16.9375,-0.3203125
47396.9703806063,-170636.98454229222,53.7,1737337913.526,-0.203125,3.625,4.875
47396.131009841374,-170637.29010622442,74.9,1737337913.526,0.484375,4.1953125,-0.6484375
47396.65623038278,-170636.65650499982,67.8,1737337913.526,0.203125,3.421875,-0.6484375
47396.52091026324,-170638.91464165226,58.4,1737337913.526,-0.4296875,5.59375,6.179688
47395.6148062649,-170640.7063689137,60.5,1737337913.526,-0.1796875,7.5859375,4.554688
47394.91994307754,-170642.55702853386,58.9,1737337913.526,-0.1484375,9.5625,5.203125
47390.344072337706,-170654.98411836848,57.5,1737337913.526,-0.0234375,22.8046875,7.484375
47395.48239027021,-170640.6590255406,58.0,1737337913.526,-0.0390625,7.5859375,-2.273438
47393.44711006028,-170644.95921945135,89.3,1737337913.526,0.4296875,12.3203125,-0.6484375
47393.52975450835,-170644.56562948794,75.6,1737337913.526,0.484375,11.921875,-0.6484375
47389.79633803333,-170656.88738173654,75.8,1737337913.526,-0.1484375,24.78125,0.0
47394.254505666766,-170644.4182089036,55.7,1737337913.526,-0.1484375,11.5390625,6.179688
47402.51648872863,-170641.6738697256,86.3,1737337913.601,-6.5390625,6.6953125,0.0
47397.996097887415,-170648.20361702895,80.8,1737337913.601,-3.8828125,14.1796875,0.3203125
47402.24720309093,-170637.40827392772,84.5,1737337913.601,-5.1640625,2.6484375,0.3203125
47397.85392249833,-170648.39983624071,63.6,1737337913.601,-3.796875,14.40625,1.296875
47396.532505633615,-170636.1843230605,54.2,1737337913.601,0.671875,2.9609375,1.296875
47396.997365658615,-170635.9621810976,51.8,1737337913.601,0.28125,2.625,1.296875
47392.918908518426,-170645.19358665086,59.5,1737337913.601,1.8046875,12.6015625,7.15625
47397.79559535559,-170636.3321502888,55.1,1737337913.601,-0.5859375,2.7734375,7.15625
47397.0779591428,-170636.20254480082,54.4,1737337913.601,0.140625,2.8359375,10.085939999999999
47390.5642531736,-170636.4943038048,77.4,1737337913.601,6.3515625,4.8203125,-0.6484375
47407.71983557863,-170646.28019932506,84.5,1737337913.601,-12.765625,9.78125,-0.3203125
47396.67487702348,-170646.95545707893,89.1,1737337913.601,-2.28125,13.3203125,-0.3203125
47398.83483633625,-170642.02845894315,79.9,1737337913.601,-3.078125,8.0,-0.3203125
47402.29795218922,-170638.9841503325,79.8,1737337913.601,-5.625,4.15625,-0.3203125
47392.99982372584,-170647.55465197968,56.1,1737337913.601,1.109375,14.859375,1.296875
47395.67567392291,-170634.83530284837,51.5,1737337913.601,1.8515625,1.8828125,1.296875
47399.00389137813,-170646.18596985177,54.0,1737337913.601,-4.328125,11.96875,7.15625
47395.84660142781,-170635.39960776427,53.1,1737337913.601,1.5390625,2.3828125,10.085939999999999
47391.543214300305,-170655.38361076242,58.8,1737337913.601,0.46875,22.796875,1.625
47392.503255119984,-170655.0365720292,61.5,1737337913.601,-0.3671875,22.2109375,-7.484375
47394.903571245944,-170648.08643091554,61.2,1737337913.601,-0.8671875,14.875,-4.226562
47391.857887226164,-170655.47692743028,55.6,1737337913.601,0.140625,22.8046875,-3.8984379999999996
47395.29913733112,-170644.32465453274,60.5,1737337913.601,-0.265625,11.140625,-3.8984379999999996
47394.327159032684,-170645.28360032634,91.0,1737337913.601,0.421875,12.3203125,-0.6484375
47391.514629247125,-170657.43173199188,74.4,1737337913.601,-0.0390625,24.78125,0.0
47402.32753785168,-170641.79905196233,85.1,1737337913.677,-6.6015625,6.640625,0.0
47397.588030046754,-170648.45431288105,87.6,1737337913.677,-3.9453125,14.3671875,0.3203125
47402.06999379702,-170637.57582468938,73.7,1737337913.677,-5.15625,2.6640625,0.3203125
47397.41394470408,-170636.15728780822,51.9,1737337913.677,-0.2890625,2.625,6.828125
47398.50485829534,-170636.32530652836,52.4,1737337913.677,-1.3828125,2.4765625,9.757812
47396.250409326916,-170635.38116785366,51.7,1737337913.677,1.046875,2.2109375,9.757812
47394.65657653981,-170633.8014835139,53.0,1737337913.677,3.0234375,1.1484375,-9.109375
47396.20683691505,-170635.3356845591,49.9,1737337913.677,1.1015625,2.1796875,-9.109375
47395.10468707003,-170635.56356241406,55.2,1737337913.677,2.09375,2.7109375,-6.507812
47393.84294090098,-170643.51681256804,60.5,1737337913.677,1.046875,10.6953125,-5.203125
47395.678081530496,-170634.61704817606,54.3,1737337913.677,1.8125,1.640625,-5.203125
47397.009486781106,-170636.2575814175,55.2,1737337913.677,0.0703125,2.8359375,-1.945312
47394.99571624912,-170653.194833541,79.9,1737337913.677,-2.8046875,19.6484375,-0.96875
47395.125972102345,-170652.01127152017,86.2,1737337913.677,-2.59375,18.4765625,-0.6484375
47394.78901189729,-170651.55307489386,88.1,1737337913.677,-2.140625,18.1328125,-0.6484375
47389.690815613234,-170648.76529794562,82.9,1737337913.677,3.5390625,16.90625,-0.6484375
47395.60510494396,-170647.28092209905,85.8,1737337913.677,-1.7109375,13.8046875,-0.6484375
47390.843927621376,-170636.38846399132,82.2,1737337913.677,5.9453125,4.7109375,-0.6484375
47395.40763422384,-170637.92632806025,75.9,1737337913.677,1.1328125,4.890625,-0.6484375
47394.85709180878,-170636.7857282221,76.1,1737337913.677,1.984375,3.953125,-0.6484375
47396.690667074334,-170647.2192306278,85.7,1737337913.677,-2.734375,13.4375,-0.3203125
47396.19585279143,-170646.77135408705,88.6,1737337913.677,-2.1328125,13.1484375,-0.3203125
47399.62819483667,-170641.94536879475,89.9,1737337913.677,-4.0546875,7.546875,-0.3203125
47399.4233277687,-170641.59143968805,77.6,1737337913.677,-3.7578125,7.265625,-0.3203125
47402.11769721159,-170639.12164812282,80.5,1737337913.677,-5.640625,4.1328125,-0.3203125
47397.77933745747,-170634.6196428865,68.0,1737337913.677,-0.203125,1.046875,-0.3203125
47398.429332561536,-170636.14000966915,50.3,1737337913.677,-1.2578125,2.3203125,6.828125
47397.55245926439,-170636.37751883434,49.1,1737337913.677,-0.484375,2.796875,9.757812
47395.573125235635,-170634.36601068734,50.8,1737337913.677,1.984375,1.4296875,9.757812
47398.913062735686,-170636.62534313768,52.8,1737337913.677,-1.859375,2.6484375,-9.109375
47398.41289699188,-170635.94775640554,49.5,1737337913.677,-1.1875,2.140625,-9.109375
47400.13996647722,-170636.14107633318,54.2,1737337913.677,-2.8984375,1.8359375,-6.507812
47391.50707975674,-170642.2145401851,54.8,1737337913.677,3.65625,10.109375,-5.203125
47399.83052430143,-170635.0392324273,48.2,1737337913.677,-2.2890625,0.8671875,-5.203125
47395.171419115584,-170634.40193956872,53.1,1737337913.677,2.359375,1.578125,-1.945312
47399.012620357265,-170650.79865352868,77.5,1737337913.677,-5.9765625,16.2109375,-0.6484375
47392.73009473082,-170646.47904450196,85.3,1737337913.677,1.2734375,13.8515625,-0.6484375
47392.67757813487,-170646.2435247656,76.6,1737337913.677,1.390625,13.640625,-0.3203125
47398.48505574623,-170634.43740212018,67.5,1737337913.677,-0.828125,0.671875,-0.3203125
47396.46292652204,-170638.57264859654,58.5,1737337913.677,-0.0625,5.2109375,4.226562
47396.804238526085,-170636.40052962134,56.4,1737337913.677,0.2265625,3.03125,-8.460938
47396.952008157044,-170639.28769225642,57.5,1737337913.677,-0.734375,5.7578125,-5.851562
47395.0199277045,-170643.09110094653,57.9,1737337913.677,0.0390625,9.953125,3.25
47395.10913720503,-170643.5330157973,57.7,1737337913.677,-0.171875,10.3515625,4.226562
47395.0122039786,-170641.63043455716,57.7,1737337913.677,0.4609375,8.5546875,6.179688
47391.35078176085,-170655.40777972178,55.3,1737337913.677,0.0625,22.8046875,7.15625
47395.49019985568,-170641.5844915294,58.6,1737337913.677,0.015625,8.375,8.78125
47393.440709694645,-170648.40027648438,58.5,1737337913.677,0.046875,15.4921875,-9.109375
47392.90615136173,-170650.92257969812,56.9,1737337913.677,-0.15625,18.0625,-8.132812
47395.6430084118,-170641.4260255733,61.5,1737337913.677,-0.0859375,8.1796875,-2.921875
47394.55248095502,-170643.1564603889,57.8,1737337913.677,0.46875,10.1484375,-2.601562
47393.872605451535,-170645.83944638053,73.0,1737337913.677,0.359375,12.9140625,-0.6484375
47393.98864420604,-170645.25458332596,90.0,1737337913.677,0.4140625,12.3203125,-0.6484375
47392.345374003926,-170653.8363458434,56.0,1737337913.677,-0.4453125,21.015625,6.828125
47402.314921712335,-170642.50430060035,77.5,1737337913.7510002,-8.3359375,5.4375,0.0
47400.24891822953,-170642.68382150042,89.0,1737337913.7510002,-6.625,6.609375,0.0
47397.30517509347,-170634.6437780483,71.0,1737337913.7510002,-0.109375,1.0546875,0.0
47394.39198784432,-170647.99017288323,77.4,1737337913.7510002,-4.1328125,14.109375,0.3203125
47403.719410356935,-170643.3060287915,89.1,1737337913.7510002,-9.953125,5.4453125,0.3203125
47401.06464851052,-170638.42545122426,77.1,1737337913.7510002,-5.2421875,2.5,0.3203125
47394.292142233564,-170648.16706443095,75.9,1737337913.7510002,-4.1328125,14.3125,0.6484375
47394.26108793352,-170648.1585070888,71.8,1737337913.7510002,-4.1015625,14.3203125,1.945312
47397.28672873532,-170636.4724442517,53.6,1737337913.7510002,-0.9921875,2.65625,1.945312
47397.65508673601,-170636.31254657774,50.9,1737337913.7510002,-1.234375,2.3359375,6.507812
47395.547204690134,-170635.16761793327,55.4,1737337913.7510002,1.1640625,2.375,7.15625
47397.68317773081,-170636.310460183,54.7,1737337913.7510002,-1.2578125,2.3203125,-5.851562
47392.292633282734,-170646.25796407973,93.1,1737337913.7510002,-1.453125,13.6328125,-0.6484375
47390.03858831153,-170634.86626342675,77.1,1737337913.7510002,6.109375,4.8203125,-0.6484375
47390.61537540198,-170635.64038386513,75.9,1737337913.7510002,5.2265625,5.2109375,-0.6484375
47390.819531095185,-170650.9975395779,91.1,1737337913.7510002,-2.5,18.484375,-0.3203125
47390.950310195476,-170650.62280158245,88.6,1737337913.7510002,-2.4296875,18.09375,-0.3203125
47397.14460675539,-170642.22344760972,79.7,1737337913.7510002,-3.6953125,7.734375,-0.3203125
47397.28590878204,-170641.6393425192,79.2,1737337913.7510002,-3.53125,7.15625,-0.3203125
47400.465937277615,-170640.1060118799,82.3,1737337913.7510002,-5.546875,4.2578125,-0.3203125
47397.16450835635,-170634.79762830122,65.6,1737337913.7510002,-0.0625,1.2578125,-0.3203125
47394.88895725227,-170633.64777076722,49.8,1737337913.7510002,2.484375,1.375,1.945312
47396.87522159248,-170636.16840205636,48.4,1737337913.7510002,-0.484375,2.59375,6.507812
47395.10261794737,-170633.920879473,47.9,1737337913.7510002,2.1640625,1.5078125,7.15625
47395.09251854735,-170633.8434100097,52.3,1737337913.7510002,2.2109375,1.4453125,-5.851562
47394.74003450967,-170635.35793461776,64.3,1737337913.7510002,1.7734375,2.9375,-0.6484375
47396.61417925013,-170634.2627197738,65.5,1737337913.7510002,0.6796875,1.0625,-0.3203125
47396.088612643536,-170637.13286903698,52.9,1737337913.7510002,-0.2734375,3.8203125,2.921875
47395.52077518455,-170637.50313152708,60.3,1737337913.7510002,0.0390625,4.421875,6.179688
47395.896662948515,-170636.5669971622,66.2,1737337913.7510002,0.171875,3.421875,-0.6484375
47387.01548315105,-170652.9053054967,58.4,1737337913.7510002,-0.125,22.015625,0.96875
47391.178579791325,-170645.0370483142,57.7,1737337913.7510002,0.1171875,13.1171875,0.96875
47392.8570866685,-170642.12689511952,58.0,1737337913.7510002,0.0859375,9.7578125,5.851562
47390.938127159134,-170646.48024183264,58.2,1737337913.7510002,-0.3828125,14.4921875,-7.8046880000000005
47388.40818104863,-170650.73991116654,58.0,1737337913.7510002,-0.2734375,19.4453125,-3.8984379999999996
47391.199746454564,-170644.8247179138,71.2,1737337913.7510002,0.203125,12.921875,-0.6484375
47391.33215856541,-170644.20868161268,90.7,1737337913.7510002,0.390625,12.3203125,-0.6484375
47391.498588281574,-170643.61184639056,69.5,1737337913.7510002,0.5390625,11.71875,-0.6484375
47385.608422111305,-170655.28687044312,75.4,1737337913.7510002,-0.0703125,24.78125,0.0
47400.29829669803,-170642.67580849514,89.0,1737337913.8279998,-6.6640625,6.578125,0.0
47402.78258098692,-170642.24794414733,74.4,1737337913.8279998,-8.6171875,4.984375,0.3203125
47400.8908410786,-170638.5426531402,87.9,1737337913.8279998,-5.1484375,2.6875,0.3203125
47394.271852480866,-170648.36194757337,80.2,1737337913.8279998,-4.2109375,14.4921875,1.945312
47394.94522881533,-170635.31227555452,55.8,1737337913.8279998,1.6171875,2.796875,2.601562
47394.89049931015,-170633.75629453055,53.6,1737337913.8279998,2.4296875,1.46875,2.601562
47397.46095831438,-170638.08690542314,58.8,1737337913.8279998,-1.9375,3.9765625,5.851562
47397.22758344047,-170636.4659733043,54.9,1737337913.8279998,-0.9375,2.6796875,-8.78125
47396.926686455736,-170636.18848004585,52.3,1737337913.8279998,-0.5390625,2.5859375,-5.851562
47390.69504103695,-170652.01277641655,79.4,1737337913.8279998,-2.890625,19.4296875,-0.96875
47386.38626747174,-170646.42287745827,86.4,1737337913.8279998,3.609375,16.6796875,-0.6484375
47392.261578982674,-170646.24940673765,94.5,1737337913.8279998,-1.421875,13.640625,-0.6484375
47390.16836969079,-170634.30256889938,77.6,1737337913.8279998,6.2734375,4.265625,-0.6484375
47394.71136794102,-170636.90272756794,73.0,1737337913.8279998,1.0390625,4.296875,-0.6484375
47394.932257062734,-170634.87434028529,65.9,1737337913.8279998,1.84375,2.421875,-0.6484375
47390.73701193189,-170650.96890424626,91.9,1737337913.8279998,-2.4140625,18.5,-0.3203125
47390.73764722142,-170650.53864940858,87.3,1737337913.8279998,-2.203125,18.125,-0.3203125
47397.308435597806,-170642.2351800203,89.9,1737337913.8279998,-3.84375,7.6640625,-0.3203125
47400.669922099056,-170640.01481456394,79.7,1737337913.8279998,-5.6796875,4.078125,-0.3203125
47395.32631694763,-170635.17750557011,49.8,1737337913.8279998,1.3515625,2.4921875,2.601562
47395.71753433776,-170635.67643090792,50.1,1737337913.8279998,0.765625,2.734375,-8.78125
47395.36722902669,-170634.8507247958,51.7,1737337913.8279998,1.4765625,2.1875,-5.851562
47394.597039756816,-170635.07088629613,62.4,1737337913.8279998,2.0390625,2.7578125,-0.6484375
47394.688147499255,-170633.6061935408,64.3,1737337913.8279998,2.6796875,1.4375,-0.6484375
47395.62818041637,-170637.1062291474,54.1,1737337913.8279998,0.140625,4.0234375,-4.226562
47396.159672254296,-170636.2758670038,51.5,1737337913.8279998,0.0859375,3.0390625,-10.414060000000001
47390.00673977844,-170646.63632914866,59.7,1737337913.8279998,0.3515625,15.0859375,-6.179688
47391.31174800222,-170644.1971609653,89.5,1737337913.8279998,0.4140625,12.3203125,-0.6484375
47385.608422111305,-170655.28687044312,75.0,1737337913.8279998,-0.0703125,24.78125,0.0
47394.10836172893,-170640.33920209005,59.2,1737337913.8279998,-0.125,7.5859375,5.203125
47387.26122572506,-170653.93215393552,54.0,1737337913.8279998,-0.84375,22.7890625,8.78125
47385.903484817376,-170653.17475451287,54.5,1737337913.8279998,0.7109375,22.796875,-4.226562
47401.96824259292,-170641.95857863475,87.0,1737337913.908,-6.65625,6.578125,0.0
47396.97559788446,-170648.48522083313,83.2,1737337913.908,-3.9921875,14.3515625,0.3203125
47401.74053118705,-170637.81277962026,81.6,1737337913.908,-5.125,2.71875,0.3203125
47395.73491059507,-170635.32582109392,54.9,1737337913.908,1.359375,2.265625,9.109375
47397.27825009533,-170636.00689917104,51.2,1737337913.908,-0.3203125,2.421875,-6.179688
47388.665194205685,-170648.06111415202,85.2,1737337913.908,4.0234375,16.5859375,-0.6484375
47390.43459147235,-170636.27119867955,78.6,1737337913.908,6.0859375,4.84375,-0.6484375
47394.177679943496,-170651.92362091702,90.4,1737337913.908,-2.4296875,18.5,-0.3203125
47393.997818767624,-170651.4762587957,88.7,1737337913.908,-2.1171875,18.1328125,-0.3203125
47394.81055774956,-170647.00301315766,92.8,1737337913.908,-1.46875,13.6328125,-0.3203125
47398.88732998344,-170642.10592313876,87.5,1737337913.908,-3.78125,7.6953125,-0.3203125
47398.66808037669,-170641.53005048184,77.5,1737337913.908,-3.390625,7.21875,-0.3203125
47401.82539755461,-170639.28283799507,80.0,1737337913.908,-5.671875,4.0859375,-0.3203125
47397.73428664081,-170634.66836846227,70.9,1737337913.908,-0.328125,1.0078125,-0.3203125
47398.13776225796,-170636.22030160806,52.3,1737337913.908,-1.203125,2.3515625,9.109375
47396.43369034637,-170635.67492754792,49.6,1737337913.908,0.5859375,2.375,-6.179688
47396.38333736912,-170636.53955847962,55.1,1737337913.908,0.359375,3.2109375,-9.4375
47391.29028707196,-170651.32013494745,58.5,1737337913.908,0.5,18.84375,4.875
47394.174900971906,-170645.40635740213,60.8,1737337913.908,-0.359375,12.3203125,-6.179688
47391.78711638963,-170655.62187071904,59.8,1737337913.908,-1.3359375,22.765625,-5.53125
47395.27146794317,-170641.19282685095,58.8,1737337913.908,-0.0625,7.9765625,-4.554688
47393.57006590584,-170644.99806059693,86.9,1737337913.908,0.34375,12.125,-0.6484375
47393.75103105727,-170644.4325062568,71.0,1737337913.908,0.3515625,11.53125,-0.6484375
47389.932577923435,-170657.12687330393,74.3,1737337913.908,-0.0546875,24.78125,0.0
47402.350590753864,-170638.57532226766,76.1,1737337913.9770002,-5.5234375,3.953125,0.0
47405.25900816031,-170641.8101361398,95.6,1737337913.9770002,-9.015625,6.546875,0.3203125
47402.21563001161,-170637.2726813007,82.4,1737337913.9770002,-5.1328125,2.703125,0.3203125
47399.09551785142,-170648.4381736956,80.6,1737337913.9770002,-4.2890625,14.265625,0.6484375
47395.89423403644,-170635.77837675042,51.8,1737337913.9770002,1.359375,2.4921875,3.578125
47387.938931681805,-170642.04385312746,62.8,1737337913.9770002,7.9140625,10.2109375,4.554688
47397.07465130495,-170636.16867202867,51.6,1737337913.9770002,0.125,2.640625,4.554688
47394.318829164855,-170645.45502308352,59.9,1737337913.9770002,0.984375,12.2890625,7.484375
47397.748174761386,-170642.5700262129,59.4,1737337913.9770002,-1.8046875,8.78125,9.757812
47395.35092343876,-170635.5090249157,53.0,1737337913.9770002,1.9453125,2.3359375,9.757812
47400.421754467985,-170637.82634786714,58.9,1737337913.9770002,-3.484375,3.6015625,-9.4375
47395.86030230994,-170635.1976112389,53.4,1737337913.9770002,1.5078125,1.9296875,-3.578125
47391.12315775587,-170649.35177261385,81.0,1737337913.9770002,3.34375,16.7421875,-0.6484375
47393.032203489885,-170647.3228942025,80.8,1737337913.9770002,1.875,14.375,-0.6484375
47391.070197320485,-170636.8109139856,77.2,1737337913.9770002,5.8828125,4.4609375,-0.6484375
47396.7013938757,-170652.23407364474,85.9,1737337913.9770002,-2.6953125,18.4609375,-0.3203125
47396.82024960871,-170651.8436402239,83.2,1737337913.9770002,-2.734375,18.0546875,-0.3203125
47396.37860599385,-170647.25075847778,92.0,1737337913.9770002,-1.390625,13.640625,-0.3203125
47397.39363690162,-170646.9220976795,88.6,1737337913.9770002,-2.3203125,13.1171875,-0.3203125
47400.12928259539,-170641.83229068745,85.0,1737337913.9770002,-3.9921875,7.5859375,-0.3203125
47402.411400698846,-170638.7868974662,77.8,1737337913.9770002,-5.625,4.1484375,-0.3203125
47399.25532315216,-170635.98819176163,49.0,1737337913.9770002,-1.9765625,2.03125,3.578125
47395.69002278973,-170635.29068957368,49.8,1737337913.9770002,1.65625,2.0546875,4.554688
47399.65768334861,-170645.77807579655,58.8,1737337913.9770002,-4.3125,11.546875,7.484375
47393.51102854593,-170641.5293389702,57.7,1737337913.9770002,2.5546875,8.6015625,9.757812
47399.267155889676,-170635.49639466847,47.6,1737337913.9770002,-1.890625,1.546875,-3.578125
47401.741588505836,-170651.82714499946,80.0,1737337913.9770002,-7.5546875,17.0625,-0.3203125
47397.20824207506,-170637.39929833414,52.3,1737337913.9770002,-0.25,3.8203125,8.132812
47396.72982712615,-170636.88801118705,53.1,1737337913.9770002,0.3203125,3.4140625,-2.601562
47396.3461196901,-170641.26606369915,59.6,1737337913.9770002,-0.171875,7.78125,8.132812
47392.602428279315,-170655.8284852122,53.3,1737337913.9770002,0.609375,22.796875,-2.921875
47395.21175030419,-170646.28133681207,59.2,1737337913.9770002,-0.0546875,12.921875,-1.945312
47394.297389542975,-170647.49121702145,80.9,1737337913.9770002,0.6015625,14.2890625,-0.6484375
47394.97926665419,-170645.42127079162,84.5,1737337913.9770002,0.34375,12.125,-0.6484375
47401.225735305336,-170642.34257965398,82.6,1737337914.051,-6.6171875,6.6171875,0.0
47406.03163793063,-170644.7718610017,77.3,1737337914.051,-11.984375,7.0546875,0.3203125
47401.25845336667,-170638.22258786266,81.3,1737337914.051,-5.09375,2.7890625,0.3203125
47396.09373902505,-170648.54483021572,80.6,1737337914.051,-4.203125,14.296875,0.6484375
47395.728031351326,-170636.12250620313,52.3,1737337914.051,0.8203125,2.9296875,2.273438
47402.94629946515,-170646.34138755585,59.8,1737337914.051,-9.71875,9.671875,6.828125
47395.25940509291,-170634.95318867036,51.5,1737337914.051,1.6953125,2.0234375,6.828125
47390.55612639208,-170645.26087372194,60.2,1737337914.051,2.1640625,13.34375,7.15625
47395.44779005484,-170636.39642091407,53.8,1737337914.051,0.9765625,3.2890625,-5.851562
47386.2399980116,-170641.04871849885,61.3,1737337914.051,7.75,11.0703125,-5.53125
47386.66859270964,-170640.24473795816,62.9,1737337914.051,7.65625,10.1640625,-2.601562
47385.71646764454,-170645.71116722905,82.8,1737337914.051,6.4765625,15.5859375,-0.6484375
47390.544830603445,-170636.52570245106,78.9,1737337914.051,5.46875,5.2578125,-0.6484375
47393.963271163135,-170633.6409332169,67.1,1737337914.051,3.390625,1.296875,-0.6484375
47392.9512933729,-170651.37327437435,91.5,1737337914.051,-2.359375,18.1015625,-0.3203125
47394.68863624874,-170647.72806547294,84.1,1737337914.051,-2.59375,14.0703125,-0.3203125
47395.13412846945,-170647.00688340448,93.4,1737337914.051,-2.734375,13.234375,-0.3203125
47398.20279051377,-170642.26731578226,87.7,1737337914.051,-3.7890625,7.6875,-0.3203125
47401.22469928182,-170639.693462595,80.1,1737337914.051,-5.6171875,4.1640625,-0.3203125
47396.34553513523,-170633.8602160681,67.8,1737337914.051,1.1015625,0.6015625,-0.3203125
47398.48576919917,-170636.62120727927,52.2,1737337914.051,-1.921875,2.3515625,2.273438
47396.05168656506,-170635.86626908855,50.9,1737337914.051,0.6171875,2.5703125,6.828125
47388.63828936211,-170643.8388693482,55.2,1737337914.051,4.4765625,12.75,7.15625
47396.569666345495,-170634.4491642213,65.5,1737337914.051,0.671875,1.0625,-0.3203125
47396.4379914025,-170636.74057099666,51.5,1737337914.051,-0.0703125,3.234375,0.96875
47395.95229155519,-170637.3947690193,56.0,1737337914.051,0.1328125,4.0234375,-2.601562
47396.10554038843,-170637.24628662414,66.8,1737337914.051,0.046875,3.828125,-0.6484375
47396.351163568004,-170636.7052158039,65.1,1737337914.051,0.0234375,3.234375,-0.6484375
47388.37315415237,-170654.57875051882,57.2,1737337914.051,0.671875,22.796875,6.179688
47389.12995143816,-170654.89534410852,54.9,1737337914.051,-0.1484375,22.8046875,-5.851562
47394.42530266187,-170641.0412780436,58.2,1737337914.051,0.171875,7.9765625,-5.851562
47392.74211866924,-170644.84350511592,81.0,1737337914.051,0.296875,12.1328125,-0.6484375
47388.312189594944,-170656.69650162515,75.4,1737337914.051,-0.0703125,24.78125,0.0
47393.26473181941,-170645.25875460226,57.5,1737337914.051,-0.34375,12.3203125,-7.15625
47403.853794448456,-170642.93187790224,91.3,1737337914.1260002,-9.2734375,6.171875,0.0
47401.266462981104,-170642.32542210675,80.2,1737337914.1260002,-6.6484375,6.5859375,0.0
47402.216632768395,-170640.69627411588,81.2,1737337914.1260002,-6.9140625,4.71875,0.0
47401.03687532951,-170639.80256043508,81.0,1737337914.1260002,-5.484375,4.3359375,0.0
47401.500436202165,-170638.27050819347,80.5,1737337914.1260002,-5.3359375,2.7421875,0.3203125
47396.00990045448,-170648.7300109244,80.0,1737337914.1260002,-4.1953125,14.5,0.6484375
47395.53206267883,-170635.67155550368,52.2,1737337914.1260002,1.171875,2.5859375,9.757812
47395.782018243066,-170635.36843815667,51.9,1737337914.1260002,1.0546875,2.2109375,-10.414060000000001
47398.8935107837,-170644.58991939455,59.3,1737337914.1260002,-5.3046875,9.578125,-10.085939999999999
47394.44423330849,-170643.37713883453,57.7,1737337914.1260002,-0.7265625,10.1328125,-10.085939999999999
47395.92894049077,-170635.77411176896,54.6,1737337914.1260002,0.765625,2.53125,-10.085939999999999
47404.110885408096,-170652.03706457018,60.0,1737337914.1260002,-12.9453125,14.5078125,-6.507812
47386.131889122335,-170646.09964029622,83.6,1737337914.1260002,5.9453125,15.7890625,-0.6484375
47390.523109383095,-170646.37776451046,84.8,1737337914.1260002,1.7734375,14.390625,-0.6484375
47390.693616021046,-170636.86465204213,80.4,1737337914.1260002,5.203125,5.515625,-0.6484375
47395.69622846948,-170636.57349990038,63.1,1737337914.1260002,0.6796875,3.359375,-0.6484375
47392.933875801085,-170651.3746174951,86.5,1737337914.1260002,-2.34375,18.109375,-0.3203125
47396.551575282254,-170650.75573574216,82.8,1737337914.1260002,-5.4609375,16.171875,-0.3203125
47394.66692929012,-170647.71922667476,85.5,1737337914.1260002,-2.5703125,14.0703125,-0.3203125
47394.435779453685,-170646.85748990465,92.1,1737337914.1260002,-2.03125,13.359375,-0.3203125
47398.05621428638,-170642.27511448215,80.0,1737337914.1260002,-3.65625,7.75,-0.3203125
47396.612820238166,-170634.5089126142,65.8,1737337914.1260002,0.609375,1.1015625,-0.3203125
47399.01518598618,-170636.17038761082,50.6,1737337914.1260002,-2.2421875,1.734375,9.757812
47396.27274251566,-170635.77913823165,50.8,1737337914.1260002,0.4453125,2.40625,-10.414060000000001
47396.53204470292,-170643.82237306805,57.0,1737337914.1260002,-2.828125,9.7578125,-10.085939999999999
47395.51806842437,-170635.35374982422,50.3,1737337914.1260002,1.3046875,2.296875,-6.507812
47394.568619413796,-170647.89851485132,82.2,1737337914.1260002,-2.546875,14.2734375,-0.6484375
47398.05106901706,-170634.89210123153,64.4,1737337914.1260002,-0.8671875,0.9140625,-0.3203125
47396.19366834581,-170637.0712878344,54.5,1737337914.1260002,0.03125,3.6328125,6.828125
47395.309485503836,-170639.056282939,59.6,1737337914.1260002,0.1015625,5.8046875,-5.53125
47392.39467426287,-170646.83616992686,59.8,1737337914.1260002,-0.1328125,14.109375,2.273438
47393.914773523626,-170643.60018694866,56.3,1737337914.1260002,-0.3203125,10.5390625,7.15625
47391.939606168096,-170647.93304289773,59.5,1737337914.1260002,-0.125,15.296875,-7.15625
47391.4398240332,-170649.22259225472,57.8,1737337914.1260002,-0.1484375,16.6796875,-4.554688
47390.26512790528,-170653.8476485934,58.5,1737337914.1260002,-0.8046875,21.40625,-3.578125
47392.73488301637,-170644.84055884986,72.3,1737337914.1260002,0.3046875,12.1328125,-0.6484375
47388.333896553566,-170656.70534042336,75.3,1737337914.1260002,-0.09375,24.78125,0.0
47392.97028127913,-170644.07600586204,56.5,1737337914.1260002,0.375,11.3359375,3.8984379999999996
47388.01002838789,-170654.41401964374,51.5,1737337914.1260002,1.0703125,22.78125,-2.601562
47400.95339215578,-170639.60072551706,85.6,1737337914.201,-5.421875,4.0859375,0.0
47395.89390541572,-170648.75955392866,87.7,1737337914.201,-4.2578125,14.484375,0.3203125
47406.05042036293,-170644.7261104815,77.4,1737337914.201,-12.09375,6.8671875,0.3203125
47401.50471899271,-170638.2308643285,79.2,1737337914.201,-5.40625,2.609375,0.3203125
47396.40527755936,-170636.14935714257,52.3,1737337914.201,0.1015625,2.640625,1.625
47398.68235839126,-170636.5526190551,54.2,1737337914.201,-2.15625,2.140625,4.875
47398.00958734961,-170636.74718945663,54.7,1737337914.201,-1.609375,2.578125,8.460938
47398.479445161036,-170637.44957465376,54.6,1737337914.201,-2.3125,3.046875,-9.4375
47395.56669542237,-170635.2348125477,52.3,1737337914.201,1.2265625,2.1171875,-9.109375
47394.56464936743,-170635.08134388778,53.4,1737337914.201,2.2109375,2.359375,-7.15625
47395.84244265036,-170643.56191224945,60.9,1737337914.201,-2.21875,9.703125,-1.945312
47397.060674048786,-170636.7510891578,54.2,1737337914.201,-0.734375,2.9453125,-1.945312
47388.10386011979,-170647.76101547026,82.9,1737337914.201,3.3203125,16.546875,-0.6484375
47394.82207899457,-170636.74440168508,69.7,1737337914.201,1.3359375,3.796875,-0.6484375
47392.66635290605,-170651.5651260406,90.1,1737337914.201,-2.3515625,18.3125,-0.3203125
47392.6079823709,-170651.1349290588,84.5,1737337914.201,-2.1328125,17.9375,-0.3203125
47396.383270512764,-170650.78102059072,86.9,1737337914.201,-5.484375,16.1640625,-0.3203125
47394.6327171085,-170647.76274272814,84.6,1737337914.201,-2.7109375,14.046875,-0.3203125
47394.76699575889,-170646.78656830234,89.3,1737337914.201,-2.4609375,13.09375,-0.3203125
47398.14213874207,-170642.29987201947,91.9,1737337914.201,-3.859375,7.65625,-0.3203125
47395.44433909918,-170635.38704888642,51.6,1737337914.201,1.28125,2.3046875,1.625
47397.43453039667,-170636.78775947815,52.6,1737337914.201,-1.09375,2.8359375,4.875
47394.49772741277,-170634.18240980394,51.9,1737337914.201,2.6171875,1.5546875,8.460938
47399.80777572002,-170636.81647029487,51.7,1737337914.201,-3.296875,1.953125,-9.4375
47396.99300300352,-170636.13941622712,51.7,1737337914.201,-0.4375,2.40625,-9.109375
47398.375158138006,-170636.86500274675,51.0,1737337914.201,-1.9921875,2.546875,-7.15625
47391.847089949726,-170641.93840074347,60.4,1737337914.201,2.09375,9.734375,-1.945312
47398.70277779534,-170636.54417339427,49.1,1737337914.201,-2.171875,2.125,-1.945312
47386.12724650545,-170646.20523520524,73.7,1737337914.201,5.7421875,15.8671875,-0.6484375
47396.887320631446,-170637.7195126708,63.2,1737337914.201,-0.9453125,3.90625,-0.6484375
47390.163014979444,-170646.0185845976,78.4,1737337914.201,2.0859375,14.1484375,-0.3203125
47396.44745152081,-170636.59820948722,53.1,1737337914.201,-0.109375,3.0390625,4.226562
47395.36682411749,-170638.06145324875,72.3,1737337914.201,0.328125,4.8046875,-0.6484375
47389.735099126185,-170652.86121477387,59.3,1737337914.201,-0.140625,20.6328125,1.945312
47393.98246434762,-170642.41820825,58.2,1737337914.201,-0.0625,9.359375,2.921875
47389.5655910674,-170655.12530691188,56.4,1737337914.201,-0.8515625,22.7890625,6.828125
47393.43974327285,-170643.91005121646,58.0,1737337914.201,-0.1328125,10.9453125,8.460938
47391.5550596133,-170646.53682353918,57.2,1737337914.201,0.6015625,14.09375,-5.53125
47392.553208893616,-170644.59955055185,71.8,1737337914.201,0.421875,11.921875,-0.6484375
47388.13115217498,-170656.68706526884,75.4,1737337914.201,-0.125,24.78125,0.0
47392.641239147226,-170647.83318983874,58.8,1737337914.201,-0.8984375,14.875,1.296875
47392.09253998049,-170645.91398029844,56.8,1737337914.201,0.34375,13.3125,-1.945312
47406.30207474528,-170644.4968158654,77.2,1737337914.276,-11.796875,7.3671875,0.0
47402.22250433555,-170643.83377378286,84.9,1737337914.276,-7.71875,8.0390625,0.0
47401.497860742995,-170639.4688815457,79.6,1737337914.276,-5.640625,4.1328125,0.0
47406.670293725714,-170644.45579332454,77.2,1737337914.276,-12.1328125,7.2109375,0.3203125
47403.85553691807,-170639.1737290315,79.8,1737337914.276,-7.78125,3.1015625,0.3203125
47401.53167433525,-170637.89770898884,74.7,1737337914.276,-5.171875,2.6328125,0.3203125
47397.07491042266,-170649.04283866886,77.5,1737337914.276,-4.5,14.6171875,0.6484375
47394.26323095329,-170634.2170938135,52.3,1737337914.276,2.890625,1.4609375,3.8984379999999996
47394.85641802621,-170634.11984556663,52.0,1737337914.276,2.359375,1.1796875,3.8984379999999996
47398.833891393224,-170636.01788591847,51.5,1737337914.276,-2.015625,1.7109375,4.554688
47396.19089287911,-170635.83793837047,54.2,1737337914.276,0.546875,2.3828125,5.851562
47394.26611453274,-170634.99285042842,56.5,1737337914.276,2.640625,2.1953125,8.132812
47395.53695841404,-170635.5520920931,53.8,1737337914.276,1.2578125,2.3203125,8.132812
47399.61450166451,-170651.88328150127,60.2,1737337914.276,-7.8125,16.5,9.109375
47395.936894465936,-170635.66185649848,52.5,1737337914.276,0.84375,2.296875,9.109375
47389.03641026968,-170640.4215754295,61.0,1737337914.276,5.8671875,9.0078125,-1.625
47394.4585790067,-170634.15090739544,53.3,1737337914.276,2.7265625,1.3359375,-1.625
47388.78903262159,-170647.9955891727,85.4,1737337914.276,3.6875,16.265625,-0.6484375
47391.08740293842,-170646.77382757308,79.4,1737337914.276,1.8984375,14.375,-0.6484375
47391.92921466704,-170646.08430959305,85.5,1737337914.276,1.3203125,13.453125,-0.6484375
47390.585300993895,-170635.8156593518,79.3,1737337914.276,5.8671875,4.1484375,-0.6484375
47394.497898428206,-170637.0242475037,72.7,1737337914.276,1.7734375,4.046875,-0.6484375
47393.89226455828,-170652.06080669787,85.2,1737337914.276,-2.4453125,18.4921875,-0.3203125
47394.269199033835,-170651.5281701885,86.5,1737337914.276,-2.6328125,17.8671875,-0.3203125
47397.70512305608,-170650.82082704932,84.4,1737337914.276,-5.6640625,16.1015625,-0.3203125
47395.657276831305,-170647.93968929732,81.2,1737337914.276,-2.8046875,14.0234375,-0.3203125
47395.44312101055,-170646.71373440034,81.0,1737337914.276,-2.2109375,12.9296875,-0.3203125
47398.4541406532,-170642.26981068618,84.1,1737337914.276,-3.6484375,7.7578125,-0.3203125
47396.23532242612,-170633.99009370126,68.5,1737337914.276,1.09375,0.6171875,-0.3203125
47398.3639027356,-170636.23898782337,51.0,1737337914.276,-1.640625,2.0703125,3.8984379999999996
47397.061604135706,-170636.36153125175,51.2,1737337914.276,-0.4453125,2.6015625,4.554688
47395.20327404863,-170634.68157766512,53.7,1737337914.276,1.8515625,1.6015625,5.851562
47397.257083493445,-170637.1773272877,51.2,1737337914.276,-0.890625,3.3125,8.132812
47398.40099330872,-170636.22673350608,52.8,1737337914.276,-1.671875,2.046875,8.132812
47399.243067134434,-170635.43839469677,49.7,1737337914.276,-2.21875,1.03125,9.109375
47395.78453493727,-170636.28649854587,53.2,1737337914.276,0.7890625,2.9375,-1.625
47399.446085108655,-170645.52119918258,69.2,1737337914.276,-5.625,10.5234375,-0.6484375
47398.298834834786,-170652.38872288115,77.7,1737337914.276,-6.7265625,17.3984375,-0.3203125
47391.6554916584,-170646.82474504592,75.9,1737337914.276,1.34375,14.2421875,-0.3203125
47397.257934797315,-170634.9933738551,66.8,1737337914.276,-0.1953125,1.2421875,-0.3203125
47395.448033539964,-170638.34109377026,70.5,1737337914.276,0.453125,4.9921875,-0.6484375
47396.07523103376,-170637.52995021318,64.9,1737337914.276,0.1171875,4.0234375,-0.6484375
47392.542782857214,-170649.48045629135,58.3,1737337914.276,-0.34375,16.4765625,3.25
47391.227903853614,-170655.2777923952,59.3,1737337914.276,-0.9453125,22.390625,7.8046880000000005
47393.574896247315,-170646.90148138284,58.3,1737337914.276,-0.5,13.703125,7.8046880000000005
47393.365065795726,-170646.83916140822,57.9,1737337914.276,-0.28125,13.7109375,-9.4375
47390.055159778836,-170654.05917723954,58.4,1737337914.276,0.5546875,21.609375,-5.53125
47392.23105091242,-170646.85344748944,80.3,1737337914.276,0.7890625,14.0859375,-0.6484375
47393.31329573996,-170644.9342392175,78.4,1737337914.276,0.375,11.921875,-0.6484375
47389.58471321879,-170657.24739420164,74.3,1737337914.276,-0.015625,24.78125,0.0
47390.69257982595,-170652.18819994546,58.6,1737337914.276,0.546875,19.6328125,-6.828125
47392.76552235714,-170647.47002902848,78.4,1737337914.276,0.0859375,14.5,-0.6484375
47404.10033284104,-170642.6757470391,83.1,1737337914.351,-8.7578125,6.8828125,0.0
47403.56236899963,-170639.4584822599,82.1,1737337914.351,-7.40625,3.9140625,0.3203125
47401.90225837776,-170637.74436862447,79.8,1737337914.351,-5.359375,2.6875,0.3203125
47398.059085279805,-170648.83887139524,73.6,1737337914.351,-4.515625,14.3984375,0.6484375
47401.82389423713,-170638.12776954845,65.8,1737337914.351,-5.3828125,3.078125,1.296875
47397.85425422248,-170648.84874360933,68.4,1737337914.351,-4.3203125,14.4609375,1.945312
47398.874879255185,-170635.9715982203,51.7,1737337914.351,-1.9765625,1.7578125,4.554688
47396.1857001973,-170636.31932813325,51.4,1737337914.351,0.53125,2.7890625,7.484375
47397.275605530966,-170636.99118272337,53.5,1737337914.351,-0.6953125,3.15625,-7.484375
47395.008622662695,-170634.1602948976,53.1,1737337914.351,2.2265625,1.0078125,-5.53125
47389.900107478185,-170648.6525412368,88.4,1737337914.351,3.4140625,16.328125,-0.6484375
47395.605779779275,-170637.57941765766,68.6,1737337914.351,0.765625,4.15625,-0.6484375
47394.50039844452,-170636.24024220472,70.3,1737337914.351,2.1796875,3.1484375,-0.6484375
47395.23368711913,-170651.68962663016,86.6,1737337914.351,-2.5234375,17.8828125,-0.3203125
47398.777407882546,-170650.77805701323,83.7,1737337914.351,-5.7109375,16.0859375,-0.3203125
47396.51839125873,-170648.03826449663,82.0,1737337914.351,-2.8203125,14.0234375,-0.3203125
47397.16024978447,-170647.27191913652,84.9,1737337914.351,-3.2421875,13.1171875,-0.3203125
47401.6126234829,-170639.0983353469,83.4,1737337914.351,-5.4296875,4.0703125,-0.3203125
47397.07740240508,-170634.77066786776,69.4,1737337914.351,0.0703125,1.0625,-0.3203125
47397.74621275917,-170636.38118622234,47.8,1737337914.351,-0.9921875,2.4453125,4.554688
47398.05456498473,-170636.52842466466,51.2,1737337914.351,-1.328125,2.5078125,7.484375
47395.96432603211,-170635.72629417153,51.9,1737337914.351,0.8984375,2.2734375,-5.53125
47392.519150987035,-170646.3612031475,79.5,1737337914.351,1.4765625,13.4375,-0.3203125
47396.68710234345,-170634.53679373086,67.6,1737337914.351,0.5078125,0.9375,-0.3203125
47396.558772419434,-170636.67799146107,53.6,1737337914.351,0.078125,3.0390625,8.78125
47395.91158131289,-170639.3677440816,59.8,1737337914.351,0.0078125,5.8046875,-7.15625
47396.152694000215,-170637.16777250773,53.9,1737337914.351,0.34375,3.6171875,-5.203125
47396.409856251346,-170636.63004281622,52.2,1737337914.351,0.234375,3.03125,-2.921875
47394.251830774934,-170646.89778571366,59.1,1737337914.351,-0.3359375,13.5078125,-1.945312
47394.101425115616,-170645.22384271314,82.1,1737337914.351,0.2421875,11.9296875,-0.6484375
47391.072700153934,-170657.71713364348,75.3,1737337914.351,-0.0625,24.78125,0.0
47397.787819443845,-170648.85522331554,83.7,1737337914.426,-4.2578125,14.484375,0.3203125
47401.853890301485,-170637.80420957494,87.0,1737337914.426,-5.328125,2.7578125,0.3203125
47397.75793750142,-170649.05750072788,77.4,1737337914.426,-4.28125,14.6875,1.625
47386.740192305086,-170641.72488108632,61.9,1737337914.426,8.2578125,10.453125,2.921875
47397.46538001862,-170636.40306486402,52.5,1737337914.426,-0.7265625,2.5390625,-6.507812
47395.26201888988,-170637.62488972314,61.5,1737337914.426,1.0859375,4.2890625,-5.53125
47396.825501575164,-170636.13473504814,50.6,1737337914.426,-0.0390625,2.4453125,-5.53125
47402.6794925703,-170652.48572504573,59.7,1737337914.426,-9.921875,16.7265625,-2.273438
47395.58645182954,-170635.65749693546,51.9,1737337914.426,1.28125,2.3046875,-2.273438
47389.821132718534,-170648.61522660335,90.8,1737337914.426,3.5,16.3125,-0.6484375
47390.57442092953,-170637.4619558949,80.8,1737337914.426,5.65625,5.34375,-0.6484375
47390.957362412715,-170636.42411645487,84.6,1737337914.426,5.5546875,4.2421875,-0.6484375
47394.82266306736,-170636.57721807837,67.3,1737337914.426,1.78125,3.390625,-0.6484375
47395.02938961519,-170651.66729150072,87.5,1737337914.426,-2.3203125,17.9140625,-0.3203125
47396.56569222822,-170648.04283823323,82.5,1737337914.426,-2.8671875,14.015625,-0.3203125
47396.33181513834,-170646.83180446972,83.9,1737337914.426,-2.328125,12.90625,-0.3203125
47399.04869600975,-170642.18083050518,87.7,1737337914.426,-3.75,7.7109375,-0.3203125
47395.502483901895,-170635.5784080539,50.6,1737337914.426,1.3828125,2.25,-6.507812
47398.44257670157,-170635.98528237367,50.0,1737337914.426,-1.5625,1.8828125,-5.53125
47397.082932079495,-170636.38156859746,51.7,1737337914.426,-0.3515625,2.6171875,-2.273438
47391.57160800264,-170646.8192733478,77.2,1737337914.426,2.2734375,14.125,-0.3203125
47396.33302161128,-170639.6665664589,69.3,1737337914.426,-0.4765625,5.984375,-0.6484375
47395.04816334042,-170642.41208279046,57.7,1737337914.426,0.0546875,8.96875,5.203125
47393.45190860797,-170647.71078436796,80.7,1737337914.426,0.2265625,14.5,-0.6484375
47393.982696199484,-170645.18397443468,81.8,1737337914.426,0.3671875,11.921875,-0.6484375
47391.09534059288,-170657.72319391827,75.2,1737337914.426,-0.0859375,24.78125,0.0
47401.53412667919,-170639.41742181266,83.8,1737337914.5010002,-5.625,4.15625,0.0
47397.34031275257,-170648.91795818435,78.1,1737337914.5010002,-4.3359375,14.4609375,0.3203125
47401.56977452163,-170638.074212898,77.6,1737337914.5010002,-5.2734375,2.859375,0.3203125
47394.844279755984,-170635.5605256705,55.8,1737337914.5010002,1.890625,2.3828125,5.203125
47385.153254519406,-170636.7088766795,61.1,1737337914.5010002,10.84375,6.265625,6.179688
47392.85430666641,-170645.51783038912,59.9,1737337914.5010002,0.9375,12.4921875,9.109375
47399.894737271534,-170636.3976060673,54.0,1737337914.5010002,-3.1875,1.734375,-8.78125
47398.91340561438,-170638.58284505393,58.4,1737337914.5010002,-2.875,4.109375,-4.875
47399.12022277539,-170636.28776176,53.3,1737337914.5010002,-2.4140625,1.8515625,-4.875
47397.91618668182,-170636.19596324052,52.5,1737337914.5010002,-1.234375,2.109375,-4.875
47394.839039683495,-170635.55079880293,53.8,1737337914.5010002,1.8984375,2.375,-3.578125
47389.2974670213,-170648.43168596833,92.6,1737337914.5010002,3.5078125,16.3046875,-0.6484375
47395.171571992665,-170636.97175692,66.7,1737337914.5010002,1.171875,3.640625,-0.6484375
47394.99622542323,-170635.7610399374,68.6,1737337914.5010002,1.6875,2.53125,-0.6484375
47393.91594860497,-170651.9612432825,83.5,1737337914.5010002,-1.9296875,18.359375,-0.3203125
47394.58333608122,-170651.47620924347,84.2,1737337914.5010002,-2.4296875,17.703125,-0.3203125
47397.31825405952,-170647.14149415455,80.2,1737337914.5010002,-3.8046875,12.765625,-0.3203125
47401.388927639164,-170639.27602202859,84.3,1737337914.5010002,-5.4453125,4.0625,-0.3203125
47397.04567998077,-170635.04599877208,69.6,1737337914.5010002,-0.0703125,1.2578125,-0.3203125
47399.45016656122,-170636.00334059526,53.3,1737337914.5010002,-2.6484375,1.484375,5.203125
47398.34325936963,-170646.30693111802,58.3,1737337914.5010002,-4.546875,11.671875,9.109375
47394.47097457384,-170636.04400385113,52.3,1737337914.5010002,2.109375,2.953125,-8.78125
47395.7856739903,-170635.71224125393,51.9,1737337914.5010002,0.9453125,2.2578125,-4.875
47395.755134743864,-170636.41265789256,51.0,1737337914.5010002,0.7734375,2.9375,-3.578125
47398.850867158035,-170636.45169412694,61.3,1737337914.5010002,-2.203125,2.0859375,-0.6484375
47399.47587101424,-170652.15991959107,80.3,1737337914.5010002,-7.3125,16.953125,-0.3203125
47391.80676877344,-170645.9378387683,80.1,1737337914.5010002,1.8203125,13.1953125,-0.3203125
47397.758803727374,-170635.00694339068,61.5,1737337914.5010002,-0.7421875,1.015625,-0.3203125
47396.08155866124,-170637.22824108374,52.8,1737337914.5010002,0.2265625,3.625,0.96875
47396.36584834953,-170636.90566572605,55.7,1737337914.5010002,0.046875,3.234375,-9.109375
47395.878047719416,-170637.36297641342,55.4,1737337914.5010002,0.3828125,3.8125,-8.460938
47396.377032468175,-170636.70511859,55.2,1737337914.5010002,0.09375,3.0390625,-4.226562
47391.20200463873,-170652.68913946682,60.1,1737337914.5010002,0.4609375,19.8359375,2.273438
47394.27351171033,-170643.91243707048,60.3,1737337914.5010002,0.0390625,10.546875,4.226562
47390.87335647076,-170655.68989590646,55.6,1737337914.5010002,-0.0859375,22.8046875,8.460938
47393.585821326575,-170647.62115935702,57.0,1737337914.5010002,-0.3671875,14.296875,-9.109375
47392.06135737786,-170650.47548958936,56.0,1737337914.5010002,0.2734375,17.46875,-8.78125
47392.32381845696,-170649.51835870303,58.1,1737337914.5010002,0.296875,16.4765625,-7.15625
47390.22986022109,-170655.90478818162,54.5,1737337914.5010002,0.46875,23.1953125,-5.851562
47394.19551598952,-170643.05714382793,60.2,1737337914.5010002,0.359375,9.75,-4.554688
47392.854602488515,-170646.9859984621,83.1,1737337914.5010002,0.515625,13.8984375,-0.6484375
47394.13473331872,-170645.92614517824,65.6,1737337914.5010002,-0.40625,12.515625,-0.6484375
47393.61296946865,-170644.94597495007,82.1,1737337914.5010002,0.375,11.7265625,-0.6484375
47392.60590032921,-170653.09368786908,84.8,1737337914.5010002,-1.0,19.8203125,-0.3203125
47390.27584300983,-170657.5742402335,74.6,1737337914.5010002,-0.0546875,24.78125,0.0
47395.498472512285,-170640.1527220066,56.6,1737337914.5010002,-0.0546875,6.59375,6.507812
47392.85127983479,-170649.06478153347,56.6,1737337914.5010002,-0.078125,15.890625,-7.15625
47401.654384390094,-170637.94330371538,81.4,1737337914.576,-5.2265625,2.953125,0.3203125
47398.585836517595,-170637.00718870244,55.1,1737337914.576,-2.0234375,2.7734375,8.78125
47396.56852867438,-170636.3766562953,52.9,1737337914.576,0.0859375,2.640625,9.109375
47392.75349052483,-170637.76727709285,61.3,1737337914.576,3.4609375,4.8984375,-9.109375
47397.78046529797,-170636.22289914574,52.8,1737337914.576,-1.0546875,2.203125,-9.109375
47394.95869326901,-170634.6072204778,54.3,1737337914.576,2.0703125,1.3046875,-8.132812
47395.411251992766,-170636.4714048242,55.2,1737337914.576,1.1875,3.0078125,-7.15625
47397.90729486449,-170636.19764258488,53.7,1737337914.576,-1.171875,2.1484375,-5.203125
47389.99599080158,-170648.83529098894,92.4,1737337914.576,3.5078125,16.3046875,-0.6484375
47390.20938225192,-170637.51451228358,78.8,1737337914.576,5.9921875,5.2578125,-0.6484375
47395.190841602314,-170637.5032776579,71.7,1737337914.576,1.15625,4.0625,-0.6484375
47394.11700730112,-170634.52988203106,64.6,1737337914.576,2.90625,1.4296875,-0.6484375
47395.04779299873,-170651.9539736865,84.8,1737337914.576,-2.140625,18.1328125,-0.3203125
47395.31318741713,-170651.5926503241,86.2,1737337914.576,-2.3125,17.71875,-0.3203125
47398.96832103828,-170650.8224261477,81.5,1737337914.576,-5.6796875,16.1015625,-0.3203125
47396.60449112366,-170647.92737825945,83.0,1737337914.576,-2.6953125,13.8515625,-0.3203125
47396.3285699126,-170646.91878950564,82.8,1737337914.576,-2.1875,12.9375,-0.3203125
47399.082257667,-170642.01089476328,86.1,1737337914.576,-3.6953125,7.515625,-0.3203125
47401.66534297711,-170639.015725008,84.3,1737337914.576,-5.4921875,3.9921875,-0.3203125
47393.67624267546,-170634.29330078626,65.6,1737337914.576,3.390625,1.3046875,-0.3203125
47394.44901417275,-170635.76936452286,53.2,1737337914.576,2.2890625,2.5546875,8.78125
47395.831655498565,-170636.03542067154,51.6,1737337914.576,0.8828125,2.484375,9.109375
47396.93739705665,-170636.24978328357,48.4,1737337914.576,-0.2421875,2.4296875,-9.109375
47397.57032102906,-170636.2599344371,48.9,1737337914.576,-0.859375,2.2890625,-8.132812
47395.670713600724,-170635.67429916753,51.5,1737337914.576,1.125,2.171875,-5.203125
47394.53121998287,-170635.5321061801,63.8,1737337914.576,2.265625,2.3046875,-0.6484375
47389.26303451008,-170648.90521475134,73.0,1737337914.576,4.203125,16.546875,-0.3203125
47395.757441870235,-170637.12720915978,63.0,1737337914.576,0.6953125,3.5625,-0.3203125
47396.302270667285,-170637.33296130484,55.7,1737337914.576,0.1171875,3.6328125,1.625
47396.2413610885,-170636.89176488484,57.0,1737337914.576,0.28125,3.21875,2.921875
47394.67536268869,-170643.6507544924,59.7,1737337914.576,0.1953125,10.15625,-3.578125
47391.94136161373,-170652.946984451,58.2,1737337914.576,0.640625,19.8359375,-2.601562
47393.407792881466,-170653.29789598868,87.6,1737337914.576,-0.8671875,19.828125,-0.6484375
47394.20908348858,-170645.16133427704,81.6,1737337914.576,0.2890625,11.734375,-0.6484375
47391.46369468979,-170657.92137402107,74.9,1737337914.576,-0.078125,24.78125,0.0
47392.98135430727,-170650.96555956168,51.9,1737337914.576,0.1015625,17.6640625,-10.414060000000001
47403.399539516795,-170640.88542895362,77.8,1737337914.651,-6.8828125,6.34375,0.0
47397.412446625654,-170634.87173247206,68.5,1737337914.651,-0.265625,1.03125,0.0
47400.169062184024,-170648.6295785594,79.1,1737337914.651,-4.53125,14.3984375,0.3203125
47402.15808986088,-170637.28802910625,82.9,1737337914.651,-5.25,2.90625,0.3203125
47396.95279150891,-170636.24327335734,53.3,1737337914.651,0.0390625,2.4453125,9.109375
47392.07436952163,-170649.45556253602,93.5,1737337914.651,3.421875,16.1171875,-0.6484375
47398.31020834374,-170647.88756588387,88.4,1737337914.651,-2.6015625,13.8671875,-0.6484375
47390.568390746106,-170638.1562955608,77.5,1737337914.651,6.171875,5.0546875,-0.6484375
47391.14710992538,-170636.77446023154,80.9,1737337914.651,5.75,3.6171875,-0.6484375
47395.81396815907,-170637.9949516349,70.0,1737337914.651,0.9765625,4.3125,-0.6484375
47401.08181451471,-170650.45301026973,83.1,1737337914.651,-5.640625,16.109375,-0.3203125
47398.23994989484,-170646.89709848695,88.5,1737337914.651,-2.421875,12.890625,-0.3203125
47400.17506904293,-170641.67325727493,87.3,1737337914.651,-3.765625,7.484375,-0.3203125
47398.357360825736,-170639.717380633,54.4,1737337914.651,-1.7421875,5.7421875,2.273438
47394.66850691391,-170651.4980953871,57.7,1737337914.651,0.6171875,17.859375,6.507812
47395.702933451816,-170646.24447816046,58.8,1737337914.651,0.171875,12.5234375,8.460938
47395.60614617578,-170653.59157895163,57.6,1737337914.651,-0.546875,19.8359375,-1.625
47395.94174384525,-170653.61331253804,89.4,1737337914.651,-0.8828125,19.8203125,-0.6484375
47395.7128133055,-170645.4516190727,79.5,1737337914.651,0.25,11.734375,-0.6484375
47394.61504774241,-170658.45698159072,75.0,1737337914.651,-0.1015625,24.78125,0.0
47395.65474057241,-170654.77615364233,58.6,1737337914.651,-0.7265625,21.0078125,8.460938
47404.001586338396,-170639.43544812282,72.5,1737337914.7270002,-7.3203125,4.8359375,0.0
47402.402249153514,-170637.28383536404,80.1,1737337914.7270002,-5.4921875,2.875,0.0
47400.048264997306,-170648.6554015868,83.5,1737337914.7270002,-4.4140625,14.4375,0.3203125
47395.92360695441,-170636.09696343227,51.7,1737337914.7270002,1.078125,2.4140625,3.25
47395.15594508684,-170637.48129414662,59.1,1737337914.7270002,1.6875,3.875,8.460938
47395.514942547365,-170635.53252645128,53.3,1737337914.7270002,1.546875,1.8984375,-4.875
47392.028650333225,-170649.4425988717,95.0,1737337914.7270002,3.46875,16.109375,-0.6484375
47398.37318923984,-170647.88673408885,85.5,1737337914.7270002,-2.6640625,13.859375,-0.6484375
47394.40334937248,-170646.830507045,86.3,1737337914.7270002,1.3984375,13.25,-0.6484375
47396.04869956991,-170637.86392953846,72.1,1737337914.7270002,0.7578125,4.15625,-0.6484375
47398.08896210321,-170646.9116909742,86.8,1737337914.7270002,-2.2734375,12.921875,-0.3203125
47400.07669816937,-170641.7094442804,83.3,1737337914.7270002,-3.671875,7.53125,-0.3203125
47402.17129428005,-170638.50795900734,82.5,1737337914.7270002,-5.3984375,4.1171875,-0.3203125
47397.49268922943,-170634.85710521767,70.6,1737337914.7270002,-0.34375,1.0078125,-0.3203125
47394.85438932299,-170634.9006714625,51.4,1737337914.7270002,2.2734375,1.34375,3.25
47398.4788402808,-170647.08098087096,83.2,1737337914.7270002,-2.6796875,13.046875,-0.6484375
47398.25039648,-170637.92885477573,65.6,1737337914.7270002,-1.4375,3.9765625,-0.6484375
47394.418982257186,-170646.62000460565,81.9,1737337914.7270002,1.40625,13.0390625,-0.3203125
47397.14499445776,-170634.87332652792,66.8,1737337914.7270002,0.0,1.0625,-0.3203125
47396.870917467546,-170637.82205903615,53.4,1737337914.7270002,-0.0546875,4.0234375,3.578125
47397.0118168031,-170639.0247967637,54.6,1737337914.7270002,-0.328125,5.203125,7.484375
47396.97185326032,-170637.83332434332,54.7,1737337914.7270002,-0.15625,4.0234375,-7.15625
47396.221592168695,-170638.92087884696,56.0,1737337914.7270002,0.46875,5.1875,0.6484375
47395.31609647399,-170652.17566956428,59.4,1737337914.7270002,-0.1015625,18.4609375,5.53125
47396.64370174979,-170641.97089481854,59.3,1737337914.7270002,-0.2890625,8.171875,6.507812
47395.83217719865,-170653.60894496052,86.9,1737337914.7270002,-0.7734375,19.828125,-0.6484375
47395.62827265833,-170645.43432259795,76.7,1737337914.7270002,0.3359375,11.7265625,-0.6484375
47394.63834061767,-170658.45958127698,75.2,1737337914.7270002,-0.125,24.78125,0.0
47395.76906769269,-170646.84929588906,56.5,1737337914.7270002,0.0390625,13.1171875,2.601562
47394.35290186287,-170656.43888892813,52.6,1737337914.7270002,0.3828125,22.8046875,-3.8984379999999996
47404.18125998065,-170641.25706861017,83.1,1737337914.801,-8.09375,6.140625,0.0
47402.71002053522,-170641.44458267745,77.7,1737337914.801,-6.671875,6.5625,0.0
47396.70951819796,-170634.8458488514,68.0,1737337914.801,0.3125,1.015625,0.0
47399.01840323131,-170649.08279572733,79.8,1737337914.801,-4.2578125,14.6953125,0.3203125
47401.817150360686,-170637.69732298338,80.8,1737337914.801,-5.1875,3.0078125,0.3203125
47394.43859402413,-170640.3252087003,60.0,1737337914.801,1.671875,6.7890625,7.15625
47397.39293101344,-170636.72250505994,55.0,1737337914.801,-0.6640625,2.7578125,-10.414060000000001
47396.78107387811,-170650.57020116752,59.5,1737337914.801,-2.2890625,16.5234375,-4.554688
47390.85370893496,-170649.10485867524,94.5,1737337914.801,3.796875,16.03125,-0.6484375
47393.65437134692,-170646.73569108025,85.3,1737337914.801,1.4140625,13.2421875,-0.6484375
47394.95657645563,-170637.48878615888,68.4,1737337914.801,1.6171875,3.90625,-0.6484375
47393.4533493033,-170634.7660182902,69.9,1737337914.801,3.5390625,1.4609375,-0.6484375
47400.02526233972,-170650.52934228478,85.3,1737337914.801,-5.484375,15.9609375,-0.3203125
47397.60437251156,-170647.99729467538,81.1,1737337914.801,-2.6875,13.8515625,-0.3203125
47393.702486948816,-170646.53772948013,82.3,1737337914.801,1.3984375,13.0390625,-0.3203125
47399.36096434182,-170641.98286050872,87.6,1737337914.801,-3.453125,7.6328125,-0.3203125
47401.81987187863,-170638.8455446534,82.5,1737337914.801,-5.375,4.140625,-0.3203125
47397.634297201424,-170634.85418187507,64.4,1737337914.801,-0.6015625,0.875,0.0
47397.50633565992,-170640.8809153575,54.3,1737337914.801,-1.4453125,6.84375,7.15625
47396.03066330504,-170636.48451085534,54.2,1737337914.801,0.71875,2.7421875,-10.414060000000001
47392.36807486375,-170649.86634720373,59.2,1737337914.801,2.1796875,16.5390625,-4.554688
47390.11210802414,-170645.64348683975,70.1,1737337914.801,5.0859375,12.734375,-0.6484375
47398.494067250824,-170647.15292516357,81.3,1737337914.801,-3.4296875,12.875,-0.6484375
47395.3577922787,-170637.26133642189,67.5,1737337914.801,1.2578125,3.6171875,-0.6484375
47392.5256314984,-170650.11368187988,75.4,1737337914.801,1.984375,16.7578125,-0.3203125
47396.64275439568,-170647.00140587366,81.6,1737337914.801,-1.578125,13.0234375,-0.3203125
47394.72712650863,-170654.18517604534,59.2,1737337914.801,-0.84375,20.421875,6.507812
47395.805228463934,-170640.34227518673,59.0,1737337914.801,0.3203125,6.5859375,7.8046880000000005
47394.525770203865,-170646.53742597578,56.5,1737337914.801,0.5859375,12.90625,8.132812
47395.99614259289,-170640.5792184867,57.6,1737337914.801,0.09375,6.7890625,-8.132812
47394.791122657785,-170648.59920631634,58.6,1737337914.801,-0.0078125,14.8984375,-5.53125
47394.73201869236,-170653.37857153744,84.1,1737337914.801,-0.71875,19.625,-0.6484375
47394.16870369048,-170647.27076539796,78.4,1737337914.801,0.8203125,13.6875,-0.6484375
47395.06967491925,-170645.24087850793,74.8,1737337914.801,0.2578125,11.5390625,-0.6484375
47394.683461873065,-170651.97748792052,75.1,1737337914.801,-0.4453125,18.25,-0.6484375
47404.29676101243,-170642.4693562477,88.7,1737337914.8760002,-9.1171875,6.3984375,0.0
47403.61907882432,-170641.75274954087,83.7,1737337914.8760002,-8.28125,5.875,0.0
47401.95529082418,-170641.97481793896,78.7,1737337914.8760002,-6.7265625,6.5078125,0.0
47396.75162823852,-170635.40257192505,65.7,1737337914.8760002,-0.0390625,1.453125,0.0
47408.24801126461,-170649.6690435618,70.9,1737337914.8760002,-14.75,12.375,0.3203125
47401.38403030256,-170638.45283351152,78.6,1737337914.8760002,-5.2890625,3.2421875,0.3203125
47391.64063629201,-170644.83534392447,66.1,1737337914.8760002,2.5390625,11.8671875,0.96875
47394.720808058126,-170636.19931692694,54.3,1737337914.8760002,1.7265625,2.734375,0.96875
47401.7436057525,-170640.20879849276,60.0,1737337914.8760002,-6.078125,4.8515625,1.296875
47396.36632177706,-170636.3276396829,53.9,1737337914.8760002,0.1015625,2.4453125,6.828125
47394.85393110789,-170648.7200020749,58.9,1737337914.8760002,-1.546875,14.8203125,9.757812
47395.363098225105,-170635.99469513027,52.0,1737337914.8760002,1.15625,2.375,9.757812
47388.18236157955,-170647.61850102645,59.1,1737337914.8760002,5.1875,15.4296875,-5.851562
47391.67648464229,-170644.8527165997,62.1,1737337914.8760002,2.5,11.875,-1.945312
47398.86438992583,-170636.68524368413,53.1,1737337914.8760002,-2.40625,2.1640625,-1.945312
47389.469752094265,-170648.59823272328,92.3,1737337914.8760002,3.6953125,16.0546875,-0.6484375
47392.44282236629,-170646.2541648004,87.4,1737337914.8760002,1.40625,13.0390625,-0.6484375
47390.575221584804,-170635.93886359766,73.5,1737337914.8760002,5.8046875,3.5234375,-0.6484375
47395.01657776233,-170637.67237684972,69.6,1737337914.8760002,1.0703125,4.0859375,-0.6484375
47395.00539475283,-170651.93128295292,85.5,1737337914.8760002,-2.5,17.890625,-0.3203125
47398.665567779775,-170642.21085398245,90.9,1737337914.8760002,-3.6015625,7.5625,-0.3203125
47401.17690508191,-170639.15778393528,79.2,1737337914.8760002,-5.265625,3.9765625,-0.3203125
47396.80068114826,-170635.2135195918,68.6,1737337914.8760002,-0.0390625,1.2578125,-0.3203125
47397.44814639996,-170637.19753535106,50.9,1737337914.8760002,-1.1640625,3.015625,0.96875
47394.75274322792,-170634.73864493618,53.9,1737337914.8760002,2.0625,1.3125,6.828125
47391.62520362848,-170647.8499678867,56.3,1737337914.8760002,1.796875,14.7890625,9.757812
47398.36954486033,-170636.29049799143,51.0,1737337914.8760002,-1.828125,1.90625,9.757812
47390.02161667051,-170643.85834848226,58.6,1737337914.8760002,4.3515625,11.328125,-1.945312
47394.11878929252,-170635.28442004946,51.4,1737337914.8760002,2.5390625,2.0,-1.945312
47397.5268825507,-170647.09711176212,79.1,1737337914.8760002,-3.7265625,12.578125,-0.6484375
47397.90597724173,-170634.93532395663,67.7,1737337914.8760002,-1.0390625,0.7109375,-0.3203125
47396.45918791797,-170636.96514650036,52.5,1737337914.8760002,-0.1484375,3.0390625,4.226562
47395.980261561934,-170639.68194261126,57.3,1737337914.8760002,-0.3671875,5.7890625,-9.757812
47395.122064665935,-170639.66104849073,55.8,1737337914.8760002,0.46875,5.984375,9.4375
47394.74696052168,-170642.84869899365,57.4,1737337914.8760002,0.03125,9.1640625,4.875
47394.21237431003,-170643.72696233034,58.6,1737337914.8760002,0.328125,10.1484375,-9.109375
47392.1867053896,-170655.45344666947,59.1,1737337914.8760002,-0.65625,22.0078125,-8.460938
47391.687204442285,-170654.51672262867,56.4,1737337914.8760002,0.0625,21.2265625,-8.132812
47392.78686912191,-170652.95374526575,59.3,1737337914.8760002,-0.609375,19.4375,-6.507812
47392.949789376165,-170649.12184247948,58.9,1737337914.8760002,0.1953125,15.6875,-5.53125
47392.57145015892,-170653.0996310384,81.8,1737337914.8760002,-0.4375,19.6328125,-0.6484375
47393.22142988691,-170652.24323735427,81.0,1737337914.8760002,-0.8515625,18.640625,-0.6484375
47393.145683206036,-170647.12258611823,78.0,1737337914.8760002,0.5078125,13.703125,-0.6484375
